   xcoord  ycoord  start time  end time  service time
0       0       0           0      2000             0
1      71      16        1701      1846            20
2     -72       4         846      1099            20
3     -56      19        1987      2018             4
4      34     -98        1791      1881            17
5     -54     -32         757       899            18
6      50     -53        1241      1331            19
7     -97      62          19       688             6
8      57     -58        1804      1844            15
9     -44      57        1625      1863            11
full path memo = {((0, 1, 2, 3, 4, 5, 6, 7, 8, 9), (3, 4), (1848.04, 1865.14)): ((258.96, 841.0199999999999), (3, 8), (1848.04, 1789.06), (0, 1)), ((0, 1, 2, 3, 4, 5, 6, 7, 8, 9), (3, 8), (2005.46, 1789.06)): ((399.38, 772.4699999999998), (3, 9), (2005.46, 1404.69), (0, 1))}
time check:
   opt path[i]  start[i]  arrival  departure[i]  end[i]
0            0         0     0.00          0.00    2000
1            1      1701    72.78       1701.00    1846
2            3      1987  1848.04       1987.00    2018
3            0         0  2050.14       2050.14    2000
   opt path[i]  start[i]  arrival  departure[i]  end[i]
0            0         0     0.00          0.00    2000
1            7        19   115.12        121.12     688
2            5       757   224.49        757.00     899
3            2       846   815.25        846.00    1099
4            6      1241  1000.66       1241.00    1331
5            9      1625  1404.69       1625.00    1863
6            8      1804  1789.06       1804.06    1844
7            4      1791  1865.14       1882.14    1881
8            0         0  1985.87       1985.87    2000
the memo length is 769
Found optimal path in 23.669 seconds.
Optimal cost: (258.96, 841.0199999999999), optimal path: [[0, 1, 3, 0], [0, 7, 5, 2, 6, 9, 8, 4, 0]]
duplicate label check rejected 534 labels.
time window check rejected 2675 labels.
test 2 rejected 2386 labels.
test 1 rejected 0 labels.
dominance check rejected 0 labels.
   xcoord  ycoord  start time  end time  service time
0       0       0           0      2000             0
1     -97     -64          24      1935            11
2      20      27         247      1909            23
3       6      11        1320      1516             1
4     -12      83         612      1801            10
5      68      65        1981      2014            14
6     -31     -38         306      1571            22
7      47       5        1712      1823             9
8     -98      38        1429      1876            12
9     -37     -72        1065      1237             3
full path memo = {((0, 1, 2, 3, 4, 5, 6, 7, 8, 9), (5, 8), (1403.22, 1869.71)): ((419.91, 622.88), (5, 7), (1403.22, 1181.95), (0, 1)), ((0, 1, 2, 3, 4, 5, 6, 7, 8, 9), (5, 7), (1403.22, 1589.71)): ((419.91, 576.87), (5, 8), (1403.22, 1193.78), (0, 1)), ((0, 1, 2, 3, 4, 5, 6, 7, 8, 9), (3, 5), (254.62, 1784.57)): ((256.15, 687.24), (3, 7), (254.62, 1589.71), (0, 1)), ((0, 1, 2, 3, 4, 5, 6, 7, 8, 9), (4, 5), (1538.06, 1784.57)): ((457.45, 442.7), (5, 8), (1784.57, 1193.78), (1, 0)), ((0, 1, 2, 3, 4, 5, 6, 7, 8, 9), (2, 5), (33.6, 1784.57)): ((67.2, 950.3100000000002), (2, 7), (33.6, 1589.71), (1, 0)), ((0, 1, 2, 3, 4, 5, 6, 7, 8, 9), (5, 9), (1784.57, 362.53)): ((514.81, 302.63), (5, 6), (1784.57, 198.14999999999998), (1, 0)), ((0, 1, 2, 3, 4, 5, 6, 7, 8, 9), (5, 6), (1784.57, 1102.53)): ((514.81, 260.31), (5, 9), (1784.57, 187.74), (1, 0)), ((0, 1, 2, 3, 4, 5, 6, 7, 8, 9), (1, 5), (116.21, 1784.57)): ((232.42, 762.3900000000001), (1, 7), (116.21, 1589.71), (0, 1)), ((0, 1, 2, 3, 4, 5, 6, 7, 8, 9), (0, 5), (0, 1784.57)): ((0.0, 993.2200000000003), (0, 7), (0, 1589.71), (1, 0))}
time check:
   opt path[i]  start[i]  arrival  departure[i]  end[i]
0            0         0     0.00          0.00    2000
1            1        24   116.21        127.21    1935
2            9      1065   187.74       1065.00    1237
3            6       306  1102.53       1124.53    1571
4            0         0  1173.57       1173.57    2000
   opt path[i]  start[i]  arrival  departure[i]  end[i]
0            0         0     0.00          0.00    2000
1            2       247    33.60        247.00    1909
2            3      1320   291.26       1320.00    1516
3            8      1429  1428.45       1440.45    1876
4            4       612  1538.06       1548.06    1801
5            7      1712  1645.86       1712.00    1823
6            5      1981  1784.57       1981.00    2014
7            0         0  2089.07       2089.07    2000
the memo length is 3157
Found optimal path in 190.286 seconds.
Optimal cost: (514.81, 260.31), optimal path: [[0, 1, 9, 6, 0], [0, 2, 3, 8, 4, 7, 5, 0]]
duplicate label check rejected 2323 labels.
time window check rejected 7272 labels.
test 2 rejected 2145 labels.
test 1 rejected 33 labels.
dominance check rejected 228 labels.
   xcoord  ycoord  start time  end time  service time
0       0       0           0      2000             0
1     -10      92         933      1284            15
2      51      -8        1430      1499            11
3      94     -86        1703      1876            16
4     -23     -77        1511      1975            19
5     -39      59         537      1590            16
6      55     -74        1174      1442            23
7     -54      34        1569      1625             7
8     -51     -44        1166      1841             0
9     -27     -50        1103      1604             4
full path memo = {((0, 1, 2, 3, 4, 5, 6, 7, 8, 9), (4, 6), (1899.8899999999999, 1280.18)): ((552.96, 442.55), (4, 9), (1899.8899999999999, 1190.74), (1, 0)), ((0, 1, 2, 3, 4, 5, 6, 7, 8, 9), (3, 9), (1766.54, 1557.29)): ((482.65, 512.5000000000001), (3, 4), (1766.54, 1377.22), (1, 0)), ((0, 1, 2, 3, 4, 5, 6, 7, 8, 9), (3, 4), (1766.54, 1381.24)): ((482.65, 508.77000000000004), (3, 6), (1766.54, 1280.18), (1, 0)), ((0, 1, 2, 3, 4, 5, 6, 7, 8, 9), (3, 6), (1827.6, 1280.18)): ((524.71, 442.55), (3, 9), (1827.6, 1190.74), (1, 0)), ((0, 1, 2, 3, 4, 5, 6, 7, 8, 9), (3, 8), (1766.54, 1573.28)): ((482.65, 520.27), (3, 4), (1766.54, 1308.09), (1, 0)), ((0, 1, 2, 3, 4, 5, 6, 7, 8, 9), (4, 5), (1899.8899999999999, 1414.88)): ((552.96, 555.41), (4, 8), (1899.8899999999999, 1311.18), (1, 0)), ((0, 1, 2, 3, 4, 5, 6, 7, 8, 9), (3, 5), (1827.6, 1414.88)): ((524.71, 555.41), (3, 8), (1827.6, 1311.18), (1, 0)), ((0, 1, 2, 3, 4, 5, 6, 7, 8, 9), (2, 4), (1419.3500000000001, 1899.8899999999999)): ((540.78, 488.12), (4, 8), (1899.8899999999999, 1311.18), (0, 1)), ((0, 1, 2, 3, 4, 5, 6, 7, 8, 9), (2, 3), (1419.3500000000001, 1827.6)): ((540.78, 459.87), (3, 8), (1827.6, 1311.18), (0, 1)), ((0, 1, 2, 3, 4, 5, 6, 7, 8, 9), (1, 4), (92.54, 1899.8899999999999)): ((185.08, 852.0600000000001), (1, 3), (92.54, 1766.54), (0, 1)), ((0, 1, 2, 3, 4, 5, 6, 7, 8, 9), (1, 3), (92.54, 1827.6)): ((185.08, 823.8100000000001), (1, 4), (92.54, 1691.25), (0, 1)), ((0, 1, 2, 3, 4, 5, 6, 7, 8, 9), (0, 4), (0, 1899.8899999999999)): ((0.0, 917.8100000000001), (0, 3), (0, 1766.54), (1, 0)), ((0, 1, 2, 3, 4, 5, 6, 7, 8, 9), (0, 3), (0, 1827.6)): ((0.0, 889.5600000000001), (0, 4), (0, 1691.25), (1, 0)), ((0, 1, 2, 3, 4, 5, 6, 7, 8, 9), (4, 7), (1836.35, 1389.24)): ((338.4, 544.97), (4, 8), (1836.35, 1311.18), (1, 0)), ((0, 1, 2, 3, 4, 5, 6, 7, 8, 9), (3, 7), (1678.53, 1389.24)): ((397.54999999999995, 544.97), (3, 8), (1678.53, 1311.18), (1, 0)), ((0, 1, 2, 3, 4, 5, 6, 7, 8, 9), (4, 9), (1899.8899999999999, 1331.9)): ((552.96, 484.64000000000004), (4, 8), (1899.8899999999999, 1307.16), (1, 0)), ((0, 1, 2, 3, 4, 5, 6, 7, 8, 9), (4, 8), (1899.8899999999999, 1311.18)): ((552.96, 470.46000000000004), (3, 8), (1766.54, 1311.18), (1, 0))}
time check:
   opt path[i]  start[i]  arrival  departure[i]  end[i]
0            0         0     0.00          0.00    2000
1            5       537    70.72        537.00    1590
2            1       933   596.93        933.00    1284
3            6      1174  1126.27       1174.00    1442
4            9      1103  1282.44       1286.44    1604
5            8      1166  1311.18       1311.18    1841
6            7      1569  1389.24       1569.00    1625
7            0         0  1639.81       1639.81    2000
   opt path[i]  start[i]  arrival  departure[i]  end[i]
0            0         0     0.00          0.00    2000
1            2      1430    51.62       1430.00    1499
2            3      1703  1530.07       1703.00    1876
3            4      1511  1836.35       1855.35    1975
4            0         0  1935.71       1935.71    2000
the memo length is 2572
Found optimal path in 124.136 seconds.
Optimal cost: (338.4, 544.97), optimal path: [[0, 5, 1, 6, 9, 8, 7, 0], [0, 2, 3, 4, 0]]
duplicate label check rejected 1854 labels.
time window check rejected 6596 labels.
test 2 rejected 3429 labels.
test 1 rejected 125 labels.
dominance check rejected 456 labels.
   xcoord  ycoord  start time  end time  service time
0       0       0           0      2000             0
1     -69     -19         396      1105             4
2     -55     -94         210      1146            23
3      75      32         944      1599            17
4      58     -35         696       961            18
5      19      60          83       298             2
6      68      99         337      1615             1
7     -90     -52        1847      1968             6
8      29     -66        1795      1953            14
9     -97     -83        1836      1962             8
full path memo = {((0, 1, 2, 3, 4, 5, 6, 7, 8, 9), (8, 9), (756.45, 1884.78)): ((374.48, 673.4999999999999), (4, 9), (472.37, 1884.78), (1, 0)), ((0, 1, 2, 3, 4, 5, 6, 7, 8, 9), (7, 8), (1875.78, 756.45)): ((671.53, 374.48), (4, 7), (472.37, 1875.78), (0, 1)), ((0, 1, 2, 3, 4, 5, 6, 7, 8, 9), (7, 9), (1928.82, 1208.46)): ((413.09999999999997, 753.42), (8, 9), (211.4, 1208.46), (1, 0))}
time check:
   opt path[i]  start[i]  arrival  departure[i]  end[i]
0            0         0     0.00          0.00    2000
1            1       396    71.57        396.00    1105
2            2       210   476.30        499.30    1146
3            3       944   680.34        944.00    1599
4            9      1836  1167.90       1836.00    1962
5            7      1847  1875.78       1881.78    1968
6            0         0  1985.72       1985.72    2000
   opt path[i]  start[i]  arrival  departure[i]  end[i]
0            0         0     0.00          0.00    2000
1            5        83    62.94         83.00     298
2            6       337   147.63        337.00    1615
3            4       696   472.37        696.00     961
4            8      1795   756.45       1795.00    1953
5            0         0  1881.09       1881.09    2000
the memo length is 1423
Found optimal path in 50.662 seconds.
Optimal cost: (671.53, 374.48), optimal path: [[0, 1, 2, 3, 9, 7, 0], [0, 5, 6, 4, 8, 0]]
duplicate label check rejected 943 labels.
time window check rejected 4060 labels.
test 2 rejected 2727 labels.
test 1 rejected 24 labels.
dominance check rejected 234 labels.
   xcoord  ycoord  start time  end time  service time
0       0       0           0      2000             0
1     -72      67        1771      1809            19
2      58      88        1053      1700            13
3      49      -4        1425      1990            12
4      74     -91         141       993             3
5      18     -57        1443      1797            10
6      55      98        1546      1796             9
7      71      56         628      1744             7
8     -26      56         272       473            13
9     -46      90        1020      1365            24
full path memo = {((0, 1, 2, 3, 4, 5, 6, 7, 8, 9), (3, 5), (1930.29, 1714.35)): ((287.79999999999995, 847.5), (3, 6), (1930.29, 1171.46), (0, 1)), ((0, 1, 2, 3, 4, 5, 6, 7, 8, 9), (2, 3), (1631.79, 1930.29)): ((949.4300000000001, 287.79999999999995), (3, 6), (1930.29, 1612.35), (1, 0)), ((0, 1, 2, 3, 4, 5, 6, 7, 8, 9), (3, 7), (1930.29, 1666.29)): ((287.79999999999995, 883.69), (3, 6), (1930.29, 1612.35), (0, 1)), ((0, 1, 2, 3, 4, 5, 6, 7, 8, 9), (3, 6), (1930.29, 1612.35)): ((287.79999999999995, 869.63), (3, 5), (1930.29, 1327.37), (0, 1)), ((0, 1, 2, 3, 4, 5, 6, 7, 8, 9), (1, 5), (98.35, 1730.5800000000002)): ((196.7, 851.7299999999999), (1, 3), (98.35, 1657.18), (0, 1)), ((0, 1, 2, 3, 4, 5, 6, 7, 8, 9), (1, 3), (98.35, 1785.75)): ((196.7, 898.29), (1, 5), (98.35, 1714.35), (0, 1)), ((0, 1, 2, 3, 4, 5, 6, 7, 8, 9), (1, 2), (98.35, 1648.0200000000002)): ((196.7, 953.66), (1, 6), (98.35, 1628.5800000000002), (0, 1)), ((0, 1, 2, 3, 4, 5, 6, 7, 8, 9), (1, 6), (98.35, 1642.2500000000002)): ((196.7, 871.5999999999998), (1, 7), (98.35, 1590.3100000000002), (0, 1)), ((0, 1, 2, 3, 4, 5, 6, 7, 8, 9), (1, 7), (98.35, 1695.5600000000002)): ((196.7, 793.8500000000001), (1, 2), (98.35, 1648.0200000000002), (0, 1)), ((0, 1, 2, 3, 4, 5, 6, 7, 8, 9), (1, 9), (1781.9800000000002, 374.23999999999995)): ((655.14, 435.59999999999997), (1, 8), (1781.9800000000002, 321.78999999999996), (0, 1)), ((0, 1, 2, 3, 4, 5, 6, 7, 8, 9), (3, 9), (1930.29, 756.84)): ((735.3399999999999, 614.99), (3, 7), (1930.29, 431.78999999999996), (0, 1)), ((0, 1, 2, 3, 4, 5, 6, 7, 8, 9), (3, 4), (1930.29, 117.29)): ((1014.55, 234.58), (1, 4), (1752.08, 117.29), (1, 0)), ((0, 1, 2, 3, 4, 5, 6, 7, 8, 9), (1, 4), (1781.9800000000002, 117.29)): ((754.9599999999999, 234.58), (4, 6), (117.29, 1642.2500000000002), (1, 0)), ((0, 1, 2, 3, 4, 5, 6, 7, 8, 9), (1, 8), (1781.9800000000002, 321.78999999999996)): ((754.84, 356.82), (6, 8), (1642.2500000000002, 321.78999999999996), (1, 0)), ((0, 1, 2, 3, 4, 5, 6, 7, 8, 9), (3, 8), (1930.29, 321.78999999999996)): ((843.9699999999999, 356.82), (1, 8), (1752.08, 321.78999999999996), (1, 0)), ((0, 1, 2, 3, 4, 5, 6, 7, 8, 9), (0, 1), (0, 1781.9800000000002)): ((0.0, 988.2999999999998), (0, 6), (0, 1642.2500000000002), (1, 0)), ((0, 1, 2, 3, 4, 5, 6, 7, 8, 9), (0, 3), (0, 1930.29)): ((0.0, 1077.43), (0, 1), (0, 1752.08), (1, 0))}
time check:
    opt path[i]  start[i]  arrival  departure[i]  end[i]
0             0         0     0.00          0.00    2000
1             4       141   117.29        141.00     993
2             8       272   321.79        334.79     473
3             9      1020   374.24       1020.00    1365
4             2      1053  1148.02       1161.02    1700
5             5      1443  1311.44       1443.00    1797
6             3      1425  1514.40       1526.40    1990
7             7       628  1590.31       1597.31    1744
8             6      1546  1642.25       1651.25    1796
9             1      1771  1781.98       1800.98    1809
10            0         0  1899.33       1899.33    2000
   opt path[i]  start[i]  arrival  departure[i]  end[i]
0            0         0      0.0           0.0    2000
1            0         0      0.0           0.0    2000
the memo length is 2641
Found optimal path in 127.453 seconds.
Optimal cost: (0.0, 988.2999999999998), optimal path: [[0, 4, 8, 9, 2, 5, 3, 7, 6, 1, 0], [0, 0]]
duplicate label check rejected 1722 labels.
time window check rejected 5517 labels.
test 2 rejected 4607 labels.
test 1 rejected 49 labels.
dominance check rejected 496 labels.