  xcoord  ycoord  start time  end time  service time
0       0       0           0      2000             0
1      71      16        1701      1846            20
2     -72       4         846      1099            20
3     -56      19        1987      2018             4
4      34     -98        1791      1881            17
5     -54     -32         757       899            18
6      50     -53        1241      1331            19
7     -97      62          19       688             6
8      57     -58        1804      1844            15
9     -44      57        1625      1863            11
full path memo = {((0, 1, 2, 3, 4, 5, 6, 7, 8, 9), (3, 8), (1974.13, 1796.31)): ((731.73, 509.02), (4, 8), (1809.52, 1796.31), (1, 0)), ((0, 1, 2, 3, 4, 5, 6, 7, 8, 9), (3, 4), (1955.74, 1809.52)): ((623.58, 628.71), (4, 8), (1809.52, 1796.31), (0, 1))}
time check:
   opt path[i]  start[i]  arrival  departure[i]  end[i]
0            0         0     0.00          0.00    2000
1            7        19   115.12        121.12     688
2            5       757   224.49        757.00     899
3            1      1701   908.90       1701.00    1846
4            8      1804  1796.31       1811.31    1844
5            0         0  1900.32       1900.32    2000
   opt path[i]  start[i]  arrival  departure[i]  end[i]
0            0         0     0.00          0.00    2000
1            2       846    72.11        846.00    1099
2            6      1241  1000.66       1241.00    1331
3            9      1625  1404.69       1625.00    1863
4            4      1791  1809.52       1826.52    1881
5            3      1987  1974.13       1987.00    2018
6            0         0  2050.14       2050.14    2000
the memo length is 94
Found optimal path in 0.576 seconds.
Optimal cost: (731.73, 509.02), optimal path: [[0, 7, 5, 1, 8, 0], [0, 2, 6, 9, 4, 3, 0]]
duplicate label check rejected 30 labels.
time window check rejected 126 labels.
jump ahead check rejected 241 labels.
test 2 rejected 28 labels.
test 1 rejected 0 labels.
dominance check rejected 4 labels.
   xcoord  ycoord  start time  end time  service time
0       0       0           0      2000             0
1     -97     -64          24      1935            11
2      20      27         247      1909            23
3       6      11        1320      1516             1
4     -12      83         612      1801            10
5      68      65        1981      2014            14
6     -31     -38         306      1571            22
7      47       5        1712      1823             9
8     -98      38        1429      1876            12
9     -37     -72        1065      1237             3
full path memo = {((0, 1, 2, 3, 4, 5, 6, 7, 8, 9), (5, 8), (1240.6100000000001, 1869.71)): ((709.7, 472.88), (8, 9), (1869.71, 779.0), (0, 1)), ((0, 1, 2, 3, 4, 5, 6, 7, 8, 9), (5, 7), (1609.18, 1362.44)): ((831.05, 266.33), (7, 8), (1362.44, 1193.78), (0, 1)), ((0, 1, 2, 3, 4, 5, 6, 7, 8, 9), (5, 9), (1784.57, 779.0)): ((591.42, 523.97), (7, 9), (1589.71, 779.0), (1, 0)), ((0, 1, 2, 3, 4, 5, 6, 7, 8, 9), (3, 5), (436.02, 1784.57)): ((190.15, 875.1500000000001), (3, 7), (436.02, 1589.71), (1, 0)), ((0, 1, 2, 3, 4, 5, 6, 7, 8, 9), (5, 6), (1784.57, 352.62)): ((950.3000000000002, 165.26), (6, 7), (352.62, 1589.71), (0, 1)), ((0, 1, 2, 3, 4, 5, 6, 7, 8, 9), (4, 5), (297.02, 1784.57)): ((369.88, 658.03), (4, 7), (297.02, 1589.71), (0, 1)), ((0, 1, 2, 3, 4, 5, 6, 7, 8, 9), (2, 5), (33.6, 1784.57)): ((67.2, 950.3100000000002), (2, 7), (33.6, 1589.71), (1, 0)), ((0, 1, 2, 3, 4, 5, 6, 7, 8, 9), (1, 5), (116.21, 1784.57)): ((232.42, 762.3900000000001), (1, 7), (116.21, 1589.71), (0, 1)), ((0, 1, 2, 3, 4, 5, 6, 7, 8, 9), (0, 5), (0, 1784.57)): ((0.0, 993.2200000000003), (0, 7), (0, 1589.71), (1, 0))}
time check:
    opt path[i]  start[i]  arrival  departure[i]  end[i]
0             0         0     0.00          0.00    2000
1             1        24   116.21        127.21    1935
2             2       247   275.43        298.43    1909
3             4       612   362.93        612.00    1801
4             6       306   744.48        766.48    1571
5             9      1065   801.01       1065.00    1237
6             3      1320  1161.48       1320.00    1516
7             8      1429  1428.45       1440.45    1876
8             7      1712  1589.71       1712.00    1823
9             5      1981  1784.57       1981.00    2014
10            0         0  2089.07       2089.07    2000
   opt path[i]  start[i]  arrival  departure[i]  end[i]
0            0         0      0.0           0.0    2000
1            0         0      0.0           0.0    2000
the memo length is 890
Found optimal path in 9.432 seconds.
Optimal cost: (0.0, 993.2200000000003), optimal path: [[0, 1, 2, 4, 6, 9, 3, 8, 7, 5, 0], [0, 0]]
duplicate label check rejected 346 labels.
time window check rejected 498 labels.
jump ahead check rejected 2764 labels.
test 2 rejected 0 labels.
test 1 rejected 0 labels.
dominance check rejected 7 labels.
   xcoord  ycoord  start time  end time  service time
0       0       0           0      2000             0
1     -10      92         933      1284            15
2      51      -8        1430      1499            11
3      94     -86        1703      1876            16
4     -23     -77        1511      1975            19
5     -39      59         537      1590            16
6      55     -74        1174      1442            23
7     -54      34        1569      1625             7
8     -51     -44        1166      1841             0
9     -27     -50        1103      1604             4
full path memo = {((0, 1, 2, 3, 4, 5, 6, 7, 8, 9), (4, 7), (1836.35, 1554.09)): ((588.86, 228.52), (3, 7), (1343.98, 1554.09), (0, 1)), ((0, 1, 2, 3, 4, 5, 6, 7, 8, 9), (3, 4), (1343.98, 1691.25)): ((518.5500000000001, 360.32000000000005), (3, 7), (1343.98, 1554.09), (0, 1)), ((0, 1, 2, 3, 4, 5, 6, 7, 8, 9), (4, 6), (1899.8899999999999, 1280.18)): ((552.96, 442.55), (3, 6), (1766.54, 1280.18), (1, 0)), ((0, 1, 2, 3, 4, 5, 6, 7, 8, 9), (3, 6), (1827.6, 1280.18)): ((524.71, 442.55), (4, 6), (1691.25, 1280.18), (1, 0)), ((0, 1, 2, 3, 4, 5, 6, 7, 8, 9), (4, 8), (1836.35, 1654.06)): ((570.08, 310.13), (4, 7), (1836.35, 1554.09), (0, 1)), ((0, 1, 2, 3, 4, 5, 6, 7, 8, 9), (3, 8), (1270.83, 1753.53)): ((499.77, 390.6), (3, 4), (1270.83, 1691.25), (0, 1)), ((0, 1, 2, 3, 4, 5, 6, 7, 8, 9), (4, 9), (1967.72, 1282.44)): ((619.7, 413.07), (3, 9), (1834.3700000000001, 1282.44), (1, 0)), ((0, 1, 2, 3, 4, 5, 6, 7, 8, 9), (4, 5), (1899.8899999999999, 1553.2)): ((847.3000000000001, 234.54), (3, 5), (1766.54, 1553.2), (0, 1)), ((0, 1, 2, 3, 4, 5, 6, 7, 8, 9), (1, 4), (92.54, 1899.8899999999999)): ((185.08, 852.0600000000001), (1, 3), (92.54, 1766.54), (0, 1)), ((0, 1, 2, 3, 4, 5, 6, 7, 8, 9), (1, 3), (92.54, 1827.6)): ((185.08, 823.8100000000001), (1, 4), (92.54, 1691.25), (0, 1)), ((0, 1, 2, 3, 4, 5, 6, 7, 8, 9), (3, 5), (1827.6, 991.93)): ((716.75, 207.19), (4, 5), (1691.25, 991.93), (1, 0)), ((0, 1, 2, 3, 4, 5, 6, 7, 8, 9), (0, 4), (0, 1899.8899999999999)): ((0.0, 917.8100000000001), (0, 3), (0, 1766.54), (1, 0)), ((0, 1, 2, 3, 4, 5, 6, 7, 8, 9), (0, 3), (0, 1827.6)): ((0.0, 889.5600000000001), (0, 4), (0, 1691.25), (1, 0)), ((0, 1, 2, 3, 4, 5, 6, 7, 8, 9), (3, 9), (1766.54, 1588.47)): ((799.08, 236.91), (7, 9), (1385.22, 1588.47), (0, 1)), ((0, 1, 2, 3, 4, 5, 6, 7, 8, 9), (3, 7), (1718.71, 1385.22)): ((433.73, 544.95), (7, 9), (1385.22, 1588.47), (1, 0)), ((0, 1, 2, 3, 4, 5, 6, 7, 8, 9), (2, 3), (51.62, 1833.6899999999998)): ((103.24, 832.6800000000001), (2, 4), (51.62, 1697.34), (1, 0)), ((0, 1, 2, 3, 4, 5, 6, 7, 8, 9), (2, 4), (51.62, 1899.8899999999999)): ((103.24, 869.4100000000001), (2, 3), (51.62, 1766.54), (1, 0))}
time check:
   opt path[i]  start[i]  arrival  departure[i]  end[i]
0            0         0     0.00          0.00    2000
1            1       933    92.54        933.00    1284
2            5       537   991.93       1007.93    1590
3            8      1166  1111.63       1166.00    1841
4            9      1103  1190.74       1194.74    1604
5            6      1174  1280.18       1303.18    1442
6            3      1703  1343.98       1703.00    1876
7            4      1511  1836.35       1855.35    1975
8            0         0  1935.71       1935.71    2000
   opt path[i]  start[i]  arrival  departure[i]  end[i]
0            0         0     0.00          0.00    2000
1            2      1430    51.62       1430.00    1499
2            7      1569  1554.09       1569.00    1625
3            0         0  1639.81       1639.81    2000
the memo length is 544
Found optimal path in 4.42 seconds.
Optimal cost: (588.86, 228.52), optimal path: [[0, 1, 5, 8, 9, 6, 3, 4, 0], [0, 2, 7, 0]]
duplicate label check rejected 209 labels.
time window check rejected 490 labels.
jump ahead check rejected 1774 labels.
test 2 rejected 41 labels.
test 1 rejected 5 labels.
dominance check rejected 77 labels.
   xcoord  ycoord  start time  end time  service time
0       0       0           0      2000             0
1     -69     -19         396      1105             4
2     -55     -94         210      1146            23
3      75      32         944      1599            17
4      58     -35         696       961            18
5      19      60          83       298             2
6      68      99         337      1615             1
7     -90     -52        1847      1968             6
8      29     -66        1795      1953            14
9     -97     -83        1836      1962             8
full path memo = {((0, 1, 2, 3, 4, 5, 6, 7, 8, 9), (8, 9), (756.45, 1884.78)): ((280.16999999999996, 783.3199999999999), (7, 8), (1247.9099999999999, 756.45), (1, 0)), ((0, 1, 2, 3, 4, 5, 6, 7, 8, 9), (7, 9), (1247.9099999999999, 1936.14)): ((727.8199999999999, 462.88), (7, 8), (1247.9099999999999, 756.45), (0, 1)), ((0, 1, 2, 3, 4, 5, 6, 7, 8, 9), (7, 8), (1875.78, 211.4)): ((761.48, 261.43), (8, 9), (211.4, 1208.46), (1, 0))}
time check:
   opt path[i]  start[i]  arrival  departure[i]  end[i]
0            0         0     0.00          0.00    2000
1            5        83    62.94         83.00     298
2            8      1795   211.40       1795.00    1953
3            0         0  1881.09       1881.09    2000
   opt path[i]  start[i]  arrival  departure[i]  end[i]
0            0         0     0.00          0.00    2000
1            1       396    71.57        396.00    1105
2            4       696   528.00        696.00     961
3            6       337   848.37        849.37    1615
4            3       944   916.73        944.00    1599
5            2       210  1142.04       1165.04    1146
6            9      1836  1208.46       1836.00    1962
7            7      1847  1875.78       1881.78    1968
8            0         0  1985.72       1985.72    2000
the memo length is 261
Found optimal path in 2.021 seconds.
Optimal cost: (761.48, 261.43), optimal path: [[0, 5, 8, 0], [0, 1, 4, 6, 3, 2, 9, 7, 0]]
duplicate label check rejected 89 labels.
time window check rejected 155 labels.
jump ahead check rejected 1161 labels.
test 2 rejected 14 labels.
test 1 rejected 0 labels.
dominance check rejected 39 labels.
   xcoord  ycoord  start time  end time  service time
0       0       0           0      2000             0
1     -72      67        1771      1809            19
2      58      88        1053      1700            13
3      49      -4        1425      1990            12
4      74     -91         141       993             3
5      18     -57        1443      1797            10
6      55      98        1546      1796             9
7      71      56         628      1744             7
8     -26      56         272       473            13
9     -46      90        1020      1365            24
full path memo = {((0, 1, 2, 3, 4, 5, 6, 7, 8, 9), (1, 5), (1577.29, 1714.35)): ((634.09, 421.63), (1, 6), (1577.29, 1145.32), (0, 1)), ((0, 1, 2, 3, 4, 5, 6, 7, 8, 9), (1, 6), (1661.6200000000001, 1145.32)): ((708.4200000000001, 314.89), (1, 9), (1661.6200000000001, 324.45), (0, 1)), ((0, 1, 2, 3, 4, 5, 6, 7, 8, 9), (1, 9), (1807.48, 324.45)): ((845.2800000000001, 202.26), (6, 9), (1667.75, 324.45), (0, 1)), ((0, 1, 2, 3, 4, 5, 6, 7, 8, 9), (1, 3), (1752.08, 1171.45)): ((649.95, 444.61), (3, 6), (1171.45, 1612.35), (1, 0)), ((0, 1, 2, 3, 4, 5, 6, 7, 8, 9), (3, 6), (1930.29, 1145.32)): ((799.02, 314.89), (3, 9), (1930.29, 324.45), (0, 1)), ((0, 1, 2, 3, 4, 5, 6, 7, 8, 9), (3, 9), (1930.29, 324.45)): ((935.88, 202.26), (1, 9), (1752.08, 324.45), (0, 1)), ((0, 1, 2, 3, 4, 5, 6, 7, 8, 9), (3, 5), (1930.29, 1232.35)): ((522.6899999999999, 516.12), (1, 5), (1685.73, 1232.35), (1, 0)), ((0, 1, 2, 3, 4, 5, 6, 7, 8, 9), (1, 7), (1768.3100000000002, 1100.54)): ((654.18, 421.97), (6, 7), (1628.5800000000002, 1100.54), (1, 0)), ((0, 1, 2, 3, 4, 5, 6, 7, 8, 9), (3, 7), (1930.29, 1100.54)): ((741.05, 421.97), (1, 7), (1752.08, 1100.54), (1, 0)), ((0, 1, 2, 3, 4, 5, 6, 7, 8, 9), (1, 2), (1768.3100000000002, 323.71000000000004)): ((833.57, 402.39), (2, 6), (323.71000000000004, 1628.5800000000002), (1, 0)), ((0, 1, 2, 3, 4, 5, 6, 7, 8, 9), (2, 3), (323.71000000000004, 1930.29)): ((402.39, 920.44), (1, 2), (1752.08, 323.71000000000004), (0, 1)), ((0, 1, 2, 3, 4, 5, 6, 7, 8, 9), (1, 8), (1768.3100000000002, 61.74)): ((955.87, 123.48), (6, 8), (1628.5800000000002, 61.74), (0, 1)), ((0, 1, 2, 3, 4, 5, 6, 7, 8, 9), (3, 8), (1930.29, 61.74)): ((1042.74, 123.48), (1, 8), (1752.08, 61.74), (0, 1)), ((0, 1, 2, 3, 4, 5, 6, 7, 8, 9), (1, 4), (1781.9800000000002, 117.29)): ((754.9599999999999, 234.58), (4, 6), (117.29, 1642.2500000000002), (1, 0)), ((0, 1, 2, 3, 4, 5, 6, 7, 8, 9), (3, 4), (1930.29, 117.29)): ((844.0899999999999, 234.58), (1, 4), (1752.08, 117.29), (1, 0)), ((0, 1, 2, 3, 4, 5, 6, 7, 8, 9), (0, 1), (0, 1781.9800000000002)): ((0.0, 988.2999999999998), (0, 6), (0, 1642.2500000000002), (1, 0)), ((0, 1, 2, 3, 4, 5, 6, 7, 8, 9), (0, 3), (0, 1930.29)): ((0.0, 1077.43), (0, 1), (0, 1752.08), (1, 0))}
time check:
    opt path[i]  start[i]  arrival  departure[i]  end[i]
0             0         0     0.00          0.00    2000
1             4       141   117.29        141.00     993
2             8       272   321.79        334.79     473
3             9      1020   374.24       1020.00    1365
4             2      1053  1148.02       1161.02    1700
5             5      1443  1311.44       1443.00    1797
6             3      1425  1514.40       1526.40    1990
7             7       628  1590.31       1597.31    1744
8             6      1546  1642.25       1651.25    1796
9             1      1771  1781.98       1800.98    1809
10            0         0  1899.33       1899.33    2000
   opt path[i]  start[i]  arrival  departure[i]  end[i]
0            0         0      0.0           0.0    2000
1            0         0      0.0           0.0    2000
the memo length is 523
Found optimal path in 3.801 seconds.
Optimal cost: (0.0, 988.2999999999998), optimal path: [[0, 4, 8, 9, 2, 5, 3, 7, 6, 1, 0], [0, 0]]
duplicate label check rejected 110 labels.
time window check rejected 258 labels.
jump ahead check rejected 652 labels.
test 2 rejected 0 labels.
test 1 rejected 0 labels.
dominance check rejected 107 labels.