name	xcoord	ycoord	start	end	service
0	0	0	0	2000	0
1	12	-30	662	782	2
2	55	18	1895	1959	16
3	-61	-7	1396	1424	0
4	61	97	737	776	11
5	-20	-90	1656	1794	23
6	94	49	1377	1548	10
7	-32	91	807	976	2
8	-63	79	1979	2178	2
9	-75	34	1074	1260	8
10	-38	41	1378	1529	2
11	85	-42	1232	1446	10
12	28	-57	694	738	0
13	-48	-16	1389	1548	5
14	-16	-35	1483	1701	13
15	-51	16	929	1029	22
16	-58	88	642	763	11
17	-51	-79	54	157	4
18	-7	43	1398	1473	6
19	86	-85	1813	1860	15
20	-42	61	152	297	3
21	24	-30	1934	2133	20
22	27	-60	754	853	10
23	90	-26	406	480	9
24	19	-76	1522	1547	16
25	31	22	544	594	8
26	-1	28	1348	1376	4
27	-12	-12	671	739	20
28	-22	2	1791	1894	0
29	-11	77	991	1165	23
30	10	-65	1789	1852	3
31	-27	-82	1944	2075	1
32	-77	40	939	1114	17
33	3	26	1635	1818	9
34	76	-93	1751	1839	23
35	-15	64	18	127	13
