name	xcoord	ycoord	start	end	service
0	0	0	0	2000	0
1	-74	24	3	280	21
2	-88	68	1810	2080	7
3	-86	14	12	153	0
4	-76	-35	220	307	18
5	-91	-47	1807	2024	2
6	-86	-6	1144	1174	1
7	75	79	223	721	4
8	-87	11	1860	1924	18
9	-33	-30	1835	1918	7
10	-23	-13	582	725	14
11	-48	78	1984	2065	10
12	-62	36	1616	1937	9
13	-59	96	66	150	17
14	-49	-89	1956	2133	14
15	39	62	1138	1228	10
16	15	78	1034	1491	12
17	53	-64	941	1194	3
18	21	-15	942	1311	12
19	88	70	1111	1379	23
20	58	79	1893	2293	3
21	-37	45	138	239	11
22	-77	60	1377	1636	9
23	-22	2	629	1041	13
24	93	-88	32	69	1
25	73	0	108	171	11
26	49	88	1694	2067	3
27	44	-48	164	371	13
28	-20	-8	142	519	20
29	8	-67	1115	1539	1
30	53	92	141	452	4
31	69	23	138	507	13
32	-15	-47	1325	1482	1
33	-48	-43	1601	2004	19
34	-41	13	1833	2085	10
35	15	-82	493	671	16
