name	xcoord	ycoord	start	end	service
0	0	0	0	2000	0
1	66	12	1023	1486	24
2	-9	-87	1247	1642	18
3	-3	-18	1747	2106	17
4	5	-49	1764	2118	6
5	37	16	145	387	16
6	-86	82	1877	2281	24
7	83	-33	840	1027	14
8	73	-9	1329	1812	10
9	4	77	1855	1936	14
10	-98	93	306	513	9
11	93	-10	856	1067	19
12	52	-59	1965	1996	20
13	81	7	695	1176	8
14	-89	17	44	131	11
15	-12	-7	1297	1676	10
16	-97	53	1546	1918	24
17	-52	91	1491	1598	19
18	-32	-73	807	1168	17
19	-74	-21	1920	2415	3
20	74	70	285	727	2
21	65	-6	664	929	24
22	-97	58	400	611	19
23	75	-80	1977	2335	3
24	72	-16	1972	2233	18
25	35	20	1420	1640	1
26	81	-89	232	458	13
27	-49	-32	1706	1991	1
28	17	-92	1095	1214	18
29	-64	49	1547	1703	16
30	-92	49	1262	1713	13
31	19	12	426	554	10
32	-38	29	1641	1752	15
33	44	-89	1249	1360	19
34	19	24	1936	2027	19
35	-51	-22	1157	1261	3
36	0	17	336	552	17
37	-26	-99	1511	1847	13
38	16	63	511	811	5
39	74	45	401	589	24
40	-85	-18	1697	2000	11
