name	xcoord	ycoord	start	end	service
0	0	0	0	2000	0
1	33	2	112	179	4
2	-66	63	209	319	12
3	-44	58	1345	1489	6
4	-36	17	864	959	21
5	99	37	1280	1444	23
6	-5	74	1191	1279	17
7	7	48	314	437	3
8	-78	-51	230	295	11
9	-81	82	869	981	12
10	21	-4	37	106	12
11	-11	40	1742	1941	6
12	79	-32	602	816	16
13	-51	96	720	838	23
14	91	35	1147	1216	24
15	-19	74	157	198	15
16	65	38	24	51	2
17	71	33	972	1097	11
18	39	71	594	791	4
19	-57	98	1603	1799	21
20	-36	-19	392	434	3
21	32	-55	943	1167	6
22	15	80	1977	2091	15
23	-72	-50	1630	1790	24
24	66	-63	1683	1770	6
25	76	16	38	132	14
