name	xcoord	ycoord	start	end	service
0	0	0	0	2000	0
1	-87	-13	218	563	13
2	8	10	1997	2070	4
3	22	76	1056	1264	2
4	3	90	699	891	20
5	91	-70	155	204	21
6	77	43	633	674	18
7	-31	58	1092	1582	9
8	54	-76	1129	1308	19
9	42	44	674	993	15
10	-31	22	1132	1333	24
11	-73	46	1139	1526	13
12	69	24	1219	1387	12
13	-9	-43	1219	1589	3
14	-63	-77	301	593	21
15	78	22	1715	1777	2
16	38	57	1708	1893	7
17	31	-7	1908	1942	24
18	-13	-23	392	693	18
19	-61	87	1868	2053	13
20	19	47	1306	1471	3
21	62	-53	1551	1825	19
22	99	-18	897	1375	16
23	-32	32	1863	1942	17
24	83	-88	573	603	22
25	-75	-66	405	493	11
26	90	-15	682	1170	16
27	12	-9	1616	2091	1
28	-28	56	1124	1221	0
29	41	-50	1397	1607	23
30	-24	-90	192	239	12
31	-48	72	827	1063	15
32	-99	34	1634	2131	15
33	72	74	746	1000	3
34	42	73	1722	2188	18
35	3	-27	1172	1563	1
