name	xcoord	ycoord	start	end	service
0	0	0	0	2000	0
1	21	39	1391	1719	24
2	61	77	1737	1765	13
3	32	26	85	522	7
4	-75	80	12	406	13
5	-96	-65	1972	2038	5
6	10	-81	1017	1349	24
7	26	71	1424	1689	21
8	88	53	546	944	20
9	46	-87	735	903	11
10	-14	-56	1264	1502	9
11	16	-88	1249	1733	18
12	81	-68	1647	1684	20
13	81	-26	137	500	8
14	64	-52	1869	2302	8
15	-83	69	1609	1798	19
16	99	-62	622	1081	2
17	80	-80	1085	1113	23
18	-3	-61	1776	2220	19
19	45	-54	489	982	22
20	-75	81	1103	1342	6
21	17	40	1555	1662	2
22	76	-34	873	1082	21
23	-83	-68	755	880	8
24	-79	66	347	411	14
25	-6	-65	1932	2221	18
26	52	-11	1956	2216	6
27	-41	85	1929	2216	24
28	-70	-70	930	983	13
29	84	-40	1358	1740	10
30	98	86	1386	1858	22
31	-66	-42	773	1238	22
32	71	91	378	871	16
33	-85	34	1599	1927	6
34	7	26	447	480	0
35	67	-36	59	355	5
36	-72	-100	260	721	8
37	-34	-84	530	744	7
38	-25	-6	823	1102	0
39	-82	32	70	453	13
40	-76	71	233	401	2
