name	xcoord	ycoord	start	end	service
0	0	0	0	2000	0
1	69	-76	961	1034	6
2	-48	-84	982	1078	0
3	62	28	92	210	8
4	86	58	432	628	13
5	98	-76	1663	1720	5
6	12	-88	1550	1665	6
7	-15	-18	987	1142	2
8	88	54	481	605	0
9	-26	29	691	810	14
10	8	-58	1247	1457	14
11	-6	37	1998	2121	3
12	79	3	1710	1821	4
13	-63	53	413	490	8
14	18	-86	1353	1530	15
15	46	97	32	132	21
16	90	66	613	700	4
17	-52	7	497	528	4
18	-99	-9	1668	1695	6
19	35	82	1333	1520	13
20	73	-85	608	648	23
21	-81	-43	229	257	4
22	-97	-59	1031	1204	5
23	86	-53	976	1002	6
24	48	47	1354	1564	22
25	57	89	705	927	7
26	-15	-8	387	581	11
27	-99	78	1317	1453	17
28	2	-50	1044	1143	21
29	41	13	1343	1502	5
30	96	-97	506	552	12
31	-56	-47	945	975	1
32	55	22	911	1078	8
33	-29	30	125	310	11
34	38	-93	1216	1249	0
35	-8	41	1652	1849	21
