name	xcoord	ycoord	start	end	service
0	0	0	0	2000	0
1	25	15	1621	1694	10
2	-2	1	731	901	23
3	16	-86	1196	1295	11
4	-13	-32	701	760	1
5	69	6	42	122	6
6	63	81	616	660	8
7	-4	-35	20	183	1
8	-79	9	1720	1899	9
9	88	63	1613	1714	22
10	-29	69	1963	2068	13
11	43	40	498	704	7
12	43	-10	758	797	5
13	-56	24	331	473	3
14	74	36	1056	1151	24
15	-59	72	328	398	0
16	-52	5	1869	2044	0
17	-72	-44	1750	1882	18
18	-90	-67	934	1085	19
19	-41	-50	259	345	17
20	94	-58	1381	1432	23
21	9	31	1645	1683	6
22	-22	5	1062	1221	9
23	93	-67	431	634	15
24	-79	-9	1766	1980	7
25	-10	24	1834	1893	10
