name	xcoord	ycoord	start	end	service
0	0	0	0	2000	0
1	-23	-86	627	930	7
2	34	41	433	903	13
3	38	50	1422	1485	10
4	59	29	1871	2095	9
5	-38	44	1756	2036	14
6	21	9	606	680	19
7	60	-23	1817	1910	20
8	-42	-48	727	814	11
9	-34	75	675	978	5
10	84	-12	853	1280	21
11	27	-41	1971	2294	21
12	-65	21	1920	2347	8
13	45	28	1362	1539	11
14	-28	-28	804	1082	1
15	-12	32	611	815	2
16	-49	-55	1326	1534	0
17	-30	8	729	825	10
18	39	39	1853	2201	6
19	70	63	1719	1927	13
20	12	95	897	977	4
21	-76	96	1337	1620	3
22	-84	-16	594	625	2
23	-99	75	1664	1917	12
24	1	-24	492	538	19
25	-78	-29	383	420	18
26	71	22	183	607	7
27	-88	-57	319	507	24
28	42	78	748	1168	20
29	-24	-29	672	998	14
30	80	68	211	576	20
31	-59	44	851	1170	20
32	-60	36	1453	1704	20
33	42	-56	896	987	19
34	21	52	1576	2005	20
35	13	-25	1477	1605	23
36	-80	81	1871	2040	16
37	-59	70	85	157	21
38	-73	62	789	884	3
39	-64	66	1675	2023	19
40	1	-82	295	583	21
