name	xcoord	ycoord	start	end	service
0	0	0	0	2000	0
1	-80	85	321	396	11
2	97	-24	970	1010	11
3	-73	-47	413	528	5
4	14	90	432	530	14
5	-85	-96	374	570	13
6	-67	-83	65	177	8
7	-26	-43	167	313	15
8	-66	-74	282	442	20
9	-63	-78	1642	1817	12
10	-39	50	659	881	0
11	48	75	1260	1333	10
12	-60	28	1992	2061	23
13	0	-87	950	1107	14
14	-24	57	1639	1725	24
15	-96	87	312	524	5
16	-39	85	1378	1524	24
17	-99	-89	1508	1663	10
18	11	97	1968	2037	4
19	-4	-75	1171	1246	21
20	56	-88	1462	1537	13
21	-31	-42	1758	1940	21
22	62	-12	1041	1165	7
23	40	35	142	202	19
24	23	26	1087	1201	21
25	-56	-35	690	885	10
