name	xcoord	ycoord	start	end	service
0	0	0	0	2000	0
1	30	-27	1229	1254	17
2	30	-77	213	306	13
3	22	-76	1479	1665	23
4	66	15	751	902	17
5	-12	-7	1628	1787	11
6	-5	89	448	608	9
7	88	66	523	747	10
8	-62	-26	1831	2052	20
9	-53	-33	447	660	2
10	-9	93	1291	1481	1
11	62	38	1807	1974	2
12	-4	-52	799	958	18
13	-23	-9	677	892	0
14	0	-80	701	735	15
15	87	72	1766	1964	21
16	26	87	180	268	24
17	-71	-10	623	722	13
18	-70	98	1807	1935	10
19	56	14	768	868	13
20	17	88	274	404	1
21	-24	-21	544	705	24
22	-38	96	1453	1492	12
23	-60	-77	473	573	3
24	22	-81	382	494	4
25	-17	81	1336	1517	14
26	59	42	1640	1682	24
27	-57	64	323	480	24
28	-30	14	354	419	7
29	-27	-82	1564	1603	3
30	79	-80	169	351	3
31	-54	49	782	960	18
32	-26	83	983	1048	5
33	99	-26	52	112	12
34	21	78	308	532	4
35	-44	82	1292	1512	14
36	65	-74	42	201	4
37	77	58	682	847	22
38	44	-52	835	1007	13
39	8	26	1386	1588	13
40	74	-5	1512	1729	8
