name	xcoord	ycoord	start	end	service
0	0	0	0	2000	0
1	11	-46	460	647	7
2	35	60	849	899	14
3	51	59	370	428	5
4	62	17	68	237	24
5	48	8	235	281	7
6	-1	3	344	518	13
7	-11	-13	1905	1956	1
8	77	-51	215	438	19
9	76	-1	1666	1795	10
10	-64	68	1597	1821	18
11	-8	70	1061	1152	18
12	-33	-99	364	570	11
13	83	99	1343	1454	1
14	-26	63	1407	1536	1
15	-65	48	775	802	18
16	35	-86	1347	1491	20
17	31	47	1563	1631	2
18	-96	-73	621	731	5
19	60	26	1010	1091	16
20	92	-89	1682	1899	12
21	-4	75	1695	1912	6
22	-29	73	1379	1572	2
23	-43	-6	636	855	13
24	9	-16	1608	1747	12
25	21	80	882	986	13
26	80	-39	497	602	12
27	26	34	1969	2073	3
28	-28	-11	256	477	8
29	-32	-24	892	1070	19
30	37	43	1184	1372	23
31	90	-39	1541	1575	24
32	15	44	87	186	4
33	77	-90	40	131	2
34	-40	46	510	680	19
35	48	-81	1775	1946	16
36	-78	2	1487	1676	19
37	30	7	304	416	17
38	65	74	1611	1646	24
39	-86	49	1892	2068	3
40	-45	-33	1154	1263	21
