name	xcoord	ycoord	start	end	service
0	0	0	0	2000	0
1	50	40	295	494	12
2	68	-90	998	1187	16
3	-62	-37	302	327	6
4	83	-19	965	1000	11
5	-30	-91	912	980	10
6	41	42	815	952	11
7	5	15	638	702	8
8	92	66	1206	1384	9
9	-39	-86	382	587	6
10	-63	52	1208	1316	22
11	42	65	505	721	11
12	56	46	587	680	21
13	49	-31	1999	2149	2
14	-28	80	754	786	1
15	-29	98	915	1077	15
16	85	90	1982	2130	11
17	-88	36	480	687	21
18	-37	-61	420	507	7
19	-73	-88	1390	1501	18
20	56	-46	1421	1477	3
21	-83	88	335	501	5
22	19	-19	1156	1366	4
23	25	-6	239	269	21
24	-88	90	1602	1783	11
25	-83	24	1543	1751	15
26	-93	-8	1586	1763	23
27	78	-97	1125	1240	24
28	-58	-35	1589	1782	9
29	89	-1	1096	1165	8
30	-75	-63	619	786	22
31	-56	-82	1479	1517	6
32	-24	11	279	397	3
33	-28	55	785	966	16
34	-35	-49	857	1060	21
35	-12	33	1321	1363	16
36	-32	-34	1969	2162	21
37	70	-18	345	463	12
38	35	-100	768	894	7
39	-76	-95	149	368	18
40	-35	-3	207	365	5
