name	xcoord	ycoord	start	end	service
0	0	0	0	2000	0
1	-64	-86	1867	1961	22
2	-87	-59	323	432	10
3	9	86	1165	1338	4
4	33	45	1231	1398	10
5	-13	54	602	721	6
6	93	8	1256	1464	9
7	87	-13	450	504	22
8	40	14	1441	1473	5
9	-82	-22	147	370	1
10	15	-100	1702	1801	15
11	54	-90	1656	1757	10
12	-14	-57	1254	1283	3
13	-61	19	1055	1152	14
14	-75	80	885	924	18
15	13	24	459	643	1
16	-81	59	679	871	7
17	-28	91	1173	1226	12
18	-15	-12	164	364	18
19	-73	77	156	196	16
20	-11	-55	1116	1192	18
21	41	-33	739	841	1
22	98	53	1727	1820	3
23	86	6	594	626	23
24	-80	72	1317	1382	20
25	33	53	1114	1233	13
26	-28	8	21	177	5
27	-98	-46	1533	1565	6
28	-21	-99	1802	1965	2
29	-56	34	791	903	13
30	-11	-7	1085	1185	24
31	-36	47	322	426	0
32	78	-99	1337	1365	4
33	-33	-8	821	880	23
34	-93	-89	127	251	1
35	-75	-92	1145	1251	20
