name	xcoord	ycoord	start	end	service
0	0	0	0	2000	0
1	-7	13	1541	1719	16
2	7	-70	1711	1761	15
3	-98	-96	707	879	21
4	22	89	279	775	12
5	-53	83	142	306	1
6	87	92	108	209	4
7	63	66	666	710	6
8	-34	-49	642	847	15
9	2	-29	1398	1719	6
10	86	77	1323	1626	20
11	-37	37	951	1423	5
12	43	3	1484	1849	8
13	-18	68	381	797	18
14	-43	42	571	695	16
15	-3	2	298	600	1
16	-6	42	183	408	14
17	91	-73	1021	1508	2
18	-92	-28	308	374	10
19	14	1	968	1455	16
20	52	84	1366	1647	7
21	84	59	1577	1764	3
22	-84	7	1818	1955	12
23	76	43	1562	2038	14
24	10	-76	1828	1887	17
25	-43	-77	1007	1225	8
26	15	85	905	1122	8
27	29	-53	1058	1523	12
28	1	88	370	733	23
29	59	58	473	554	0
30	-90	-72	1710	2188	23
31	39	67	804	1047	13
32	88	-30	664	1049	6
33	-3	16	1861	2252	14
34	-34	-51	1768	2077	3
35	46	-75	177	284	20
36	0	-4	866	1004	6
37	50	81	142	245	9
38	-66	28	1114	1516	18
39	-48	-7	781	1168	5
40	-18	74	1554	1955	10
