name	xcoord	ycoord	start	end	service
0	0	0	0	2000	0
1	20	-98	685	773	22
2	-84	23	1027	1064	2
3	56	63	424	597	14
4	43	-54	58	113	14
5	56	71	1876	1990	17
6	-77	-32	1020	1111	4
7	24	-51	1214	1348	0
8	-34	65	724	813	22
9	34	-80	1046	1099	16
10	59	70	1411	1561	6
11	82	26	1471	1532	21
12	-63	-64	903	975	18
13	-14	-90	381	416	5
14	-81	-31	554	720	21
15	98	20	1041	1175	21
16	27	-44	1512	1705	17
17	-55	-23	1833	2031	1
18	83	-66	131	354	16
19	49	-15	1142	1284	8
20	55	-88	170	253	16
21	75	9	1284	1310	0
22	-21	-2	1101	1222	9
23	-34	25	1735	1897	24
24	4	51	1699	1752	20
25	98	54	540	565	19
26	-43	-43	643	835	18
27	-22	72	1663	1786	20
28	18	22	172	254	3
29	-50	-75	1958	1998	8
30	35	-87	1620	1737	10
31	27	-42	1068	1193	0
32	44	-62	529	746	17
33	19	22	1100	1183	22
34	-10	74	134	319	13
35	-22	-41	1989	2153	3
