name	xcoord	ycoord	start	end	service
0	0	0	0	2000	0
1	39	-64	1523	1636	24
2	-68	-65	569	663	23
3	-3	92	973	1133	0
4	80	27	158	281	1
5	-100	12	1382	1461	16
6	-56	-68	957	1047	22
7	-40	56	1711	1864	9
8	94	-3	824	957	6
9	-97	49	1237	1407	6
10	84	56	1950	1979	9
11	-68	43	1578	1792	5
12	-75	-92	1218	1419	10
13	64	95	1019	1165	4
14	49	92	1798	1962	17
15	10	-36	408	535	20
16	1	-69	1765	1913	13
17	65	-68	100	291	8
18	-27	83	714	793	18
19	22	34	1285	1436	8
20	60	-56	1891	1965	23
21	-8	-43	1588	1682	13
22	-93	-47	817	1024	19
23	-54	84	427	605	23
24	-79	85	1612	1782	7
25	52	-22	453	502	15
26	50	66	1675	1729	14
27	57	97	1702	1867	12
28	-59	11	116	164	9
29	-100	38	100	265	14
30	65	41	1401	1600	14
31	-33	44	610	753	23
32	11	-97	1628	1762	13
33	76	-13	53	137	24
34	96	31	229	339	3
35	74	-54	833	998	7
