name	xcoord	ycoord	start	end	service
0	0	0	0	2000	0
1	-57	24	1676	1921	22
2	-24	12	406	646	6
3	-36	-79	1713	1767	20
4	-58	-66	1265	1331	22
5	-93	92	98	456	0
6	-52	61	1222	1566	21
7	-41	-81	1150	1361	18
8	88	91	1373	1589	8
9	-49	-25	499	596	17
10	-51	98	271	568	14
11	24	-25	1333	1603	16
12	61	77	1956	2034	9
13	-75	62	533	573	12
14	-20	9	707	1066	22
15	48	82	1628	1795	22
16	-75	-63	445	717	18
17	3	-48	1391	1776	17
18	33	-100	1926	2181	18
19	8	42	1941	1998	16
20	-34	40	1789	1828	20
21	-59	2	269	362	7
22	-12	-18	975	1179	23
23	78	-60	1869	2151	6
24	-14	-71	1645	1893	3
25	56	-52	1351	1848	16
26	6	-36	1320	1696	8
27	90	59	861	1036	24
28	-41	-83	343	506	9
29	-69	-18	1771	2223	20
30	-35	99	1297	1534	23
31	47	7	358	433	23
32	-68	-20	1770	1928	24
33	75	28	1258	1300	16
34	-40	-36	1258	1736	9
35	-16	-18	1138	1599	19
