name	xcoord	ycoord	start	end	service
0	0	0	0	2000	0
1	98	-2	1257	1501	16
2	79	-23	511	794	11
3	98	23	1110	1560	22
4	-84	4	1006	1209	16
5	-73	-46	1696	2094	20
6	-72	89	137	537	13
7	72	32	54	388	13
8	13	-54	1424	1705	2
9	67	36	771	1037	7
10	-61	61	1231	1596	7
11	47	-65	760	1182	4
12	-5	16	1844	2075	20
13	-1	40	1414	1772	6
14	29	-75	1853	1884	11
15	-31	-26	1473	1797	6
16	37	-79	196	652	20
17	-27	-76	562	760	11
18	-9	-11	1932	2358	2
19	-81	-82	1020	1247	18
20	-50	-15	1210	1584	22
21	-21	-14	495	553	8
22	84	49	468	890	1
23	-21	83	1098	1429	2
24	95	17	821	1285	5
25	0	-48	1193	1649	0
26	-18	-99	23	309	11
27	-13	-99	326	425	7
28	6	89	1737	2002	7
29	29	81	889	1135	11
30	-13	-38	521	625	10
31	83	77	1647	2047	22
32	1	50	1529	1597	21
33	14	-50	1707	2183	5
34	23	-70	746	1239	13
35	-49	53	1983	2370	24
36	-97	-46	9	213	22
37	-47	-25	1666	1994	16
38	97	0	939	1000	20
39	74	-4	1844	2056	14
40	-76	94	1609	1849	22
