name	xcoord	ycoord	start	end	service
0	0	0	0	2000	0
1	71	-37	1590	1754	23
2	24	-74	390	448	8
3	32	-5	1323	1596	13
4	-79	60	490	832	14
5	-83	-94	1716	2070	2
6	97	15	1552	1629	22
7	22	32	1565	1959	21
8	5	24	701	1188	12
9	-76	-54	1383	1757	0
10	-67	-47	298	534	18
11	-6	87	1088	1209	18
12	-58	1	1170	1233	2
13	-75	19	775	1165	20
14	-50	94	518	789	8
15	-7	42	521	590	2
16	79	91	1509	1946	6
17	-97	65	747	893	11
18	29	65	1097	1592	20
19	39	-20	1173	1497	12
20	6	-14	664	1041	17
21	30	50	1913	1969	9
22	28	-72	480	766	15
23	38	-47	241	532	11
24	94	83	1487	1807	19
25	-86	60	934	1040	17
26	60	89	244	554	15
27	92	98	1985	2104	12
28	-26	81	966	1345	19
29	58	-26	102	406	12
30	75	-49	351	512	0
31	50	97	240	644	16
32	7	-8	759	1186	2
33	4	38	674	844	19
34	-78	-32	251	612	14
35	-71	-83	86	132	2
36	-56	-22	541	708	12
37	68	3	523	899	12
38	-70	-84	757	1091	5
39	92	1	762	945	22
40	64	21	1432	1831	2
