name	xcoord	ycoord	start	end	service
0	0	0	0	2000	0
1	94	40	1312	1489	10
2	59	-20	142	606	10
3	-70	-16	431	774	12
4	-75	46	587	886	22
5	-11	86	63	200	17
6	-73	54	1124	1552	0
7	31	5	436	743	9
8	31	54	328	482	8
9	45	6	229	309	0
10	49	-93	564	696	1
11	-66	70	501	601	19
12	-42	39	1965	2416	9
13	37	19	1075	1274	5
14	-66	40	525	710	4
15	29	-31	1241	1627	11
16	16	12	326	667	15
17	33	92	768	1166	9
18	85	-6	219	428	4
19	-27	-80	684	883	10
20	-42	20	507	621	7
21	-14	-69	717	1073	20
22	84	69	1101	1467	14
23	94	-12	1234	1377	6
24	-58	8	54	421	11
25	-8	-20	40	408	24
26	-31	60	1341	1585	16
27	80	-33	499	563	18
28	35	-71	979	1204	24
29	-29	-62	12	469	20
30	64	1	1122	1328	14
31	-43	47	552	973	6
32	96	67	183	648	21
33	63	-2	915	1200	2
34	17	73	675	887	16
35	-27	-39	174	251	17
