name	xcoord	ycoord	start	end	service
0	0	0	0	2000	0
1	57	-77	961	1042	8
2	16	37	152	356	14
3	86	90	1774	1964	18
4	-44	63	16	70	4
5	-28	-7	1903	2106	7
6	-12	-23	1967	2106	23
7	79	35	882	907	13
8	-34	-100	641	753	4
9	63	42	1585	1634	2
10	-38	87	237	368	5
11	53	91	405	473	22
12	-48	16	510	643	10
13	-77	-66	361	470	9
14	84	-30	1108	1199	8
15	-73	50	1947	2157	15
16	79	83	1344	1397	14
17	84	-88	153	205	2
18	37	94	831	969	18
19	-76	54	1883	1919	23
20	86	-15	1798	1880	15
21	60	-83	353	455	1
22	-65	25	1488	1565	9
23	-67	22	1607	1710	10
24	-16	53	1163	1375	22
25	-65	-21	1460	1605	22
26	8	23	665	748	22
27	-11	-84	1564	1703	19
28	15	61	557	667	1
29	37	-96	494	655	10
30	1	79	503	704	4
31	-26	-49	22	63	1
32	3	72	1931	2124	23
33	38	-3	746	877	16
34	-11	-63	716	932	16
35	-35	54	342	545	10
36	24	-64	1968	2004	1
37	91	-54	1318	1492	6
38	75	73	1958	2093	6
39	-54	-65	96	215	8
40	68	-91	821	958	20
