name	xcoord	ycoord	start	end	service
0	0	0	0	2000	0
1	-20	-64	1516	1733	11
2	27	-44	341	463	19
3	61	-78	154	334	15
4	6	50	1802	1917	19
5	64	75	1217	1271	9
6	-58	-29	216	280	6
7	65	22	806	984	0
8	86	31	1174	1324	16
9	84	1	837	925	20
10	58	9	267	321	17
11	-38	6	955	1022	4
12	-47	-39	1143	1184	12
13	85	64	1305	1458	23
14	-97	-29	1888	1984	5
15	87	1	1607	1687	16
16	-96	-9	1438	1543	20
17	-93	6	677	780	3
18	50	-47	1946	1998	23
19	-81	14	547	713	16
20	90	52	975	1065	7
21	25	-97	327	470	22
22	-42	59	7	55	6
23	33	24	1665	1743	16
24	73	35	501	717	20
25	-97	-71	361	578	11
26	-81	49	267	484	17
27	-47	-74	317	539	24
28	-10	-87	574	602	17
29	-20	-29	1579	1697	16
30	-30	-40	1031	1106	24
31	-32	56	294	515	12
32	-90	-4	1665	1827	20
33	47	4	44	192	7
34	-92	22	1670	1842	19
35	34	-46	1625	1658	5
36	74	-98	1379	1489	23
37	65	59	575	629	4
38	-84	1	1726	1885	4
39	61	77	1889	2013	5
40	-11	-71	1790	1850	21
