name	xcoord	ycoord	start	end	service
0	0	0	0	2000	0
1	65	81	1010	1093	21
2	-76	-60	409	508	14
3	-63	38	378	583	15
4	-68	-67	839	901	6
5	18	18	97	287	0
6	-2	1	190	374	9
7	-77	66	1706	1868	20
8	55	2	1151	1348	18
9	-50	67	1718	1899	2
10	32	-68	1109	1136	4
11	-92	6	840	1020	6
12	-84	-62	176	366	14
13	36	-57	966	1148	13
14	-34	-46	1993	2070	19
15	-13	-10	1488	1576	17
16	91	-82	754	867	18
17	-91	-24	1386	1584	7
18	-71	-76	356	558	24
19	1	93	334	418	1
20	-20	-72	363	489	23
21	79	-3	1312	1362	15
22	-38	75	952	1102	14
23	12	13	912	971	3
24	50	-9	721	814	5
25	51	38	580	746	16
26	-64	-35	108	211	3
27	-55	-14	1192	1240	14
28	8	36	632	811	3
29	-46	33	1553	1709	18
30	-52	-49	709	758	22
31	-91	-65	1736	1766	8
32	-10	-32	1378	1599	11
33	-56	-38	1724	1820	6
34	-61	-89	638	779	0
35	61	-38	1774	1863	9
36	-68	-42	983	1195	8
37	-13	-33	537	751	8
38	-58	-84	1743	1859	18
39	85	84	648	817	14
40	82	77	1167	1231	6
