name	xcoord	ycoord	start	end	service
0	0	0	0	2000	0
1	65	74	951	1369	9
2	16	88	1738	1943	24
3	-70	-84	332	797	4
4	-66	-28	1163	1225	14
5	-9	98	713	985	1
6	-63	40	373	541	21
7	-28	91	1605	1981	19
8	-35	97	1982	2433	20
9	25	33	8	322	15
10	-10	-28	1084	1129	4
11	57	26	1029	1397	8
12	88	-59	1590	1740	9
13	2	-36	664	1127	22
14	-18	48	710	1159	20
15	42	-62	1117	1459	7
16	-82	81	1968	2241	4
17	86	73	1852	1947	16
18	-32	-92	1745	1887	5
19	82	76	1788	2137	19
20	77	-84	1978	2121	0
21	-99	94	771	1046	15
22	-44	41	840	1207	7
23	91	72	584	988	15
24	-3	-47	373	848	4
25	22	94	1041	1415	9
26	48	-75	1082	1417	13
27	70	76	1325	1413	20
28	-16	64	1804	1848	12
29	59	57	647	708	15
30	-2	51	1276	1460	4
31	60	-51	794	831	1
32	63	-94	1192	1615	2
33	40	34	1585	1717	4
34	66	7	605	1078	7
35	77	39	1856	2310	3
36	79	13	43	487	7
37	-72	-32	1149	1271	20
38	99	-47	699	880	9
39	-77	-32	1530	1676	14
40	-81	33	638	925	23
