name	xcoord	ycoord	start	end	service
0	0	0	0	2000	0
1	53	-92	858	913	15
2	73	52	1460	1496	1
3	48	80	88	273	20
4	96	-30	676	827	9
5	-8	-67	854	979	24
6	-61	-72	1282	1466	1
7	-31	-99	357	491	15
8	66	-97	449	583	22
9	52	58	257	355	15
10	-24	27	1744	1888	16
11	99	73	1771	1896	6
12	-38	-84	863	1058	8
13	-42	15	1207	1379	19
14	-35	-69	1077	1169	15
15	-92	-13	178	396	10
16	83	-63	1695	1917	5
17	-55	2	430	579	15
18	-54	-28	978	1097	15
19	-39	-54	136	353	11
20	-66	62	116	153	17
21	-29	-53	382	497	11
22	-45	67	94	315	20
23	65	51	414	629	8
24	-60	-73	924	986	6
25	45	87	466	573	18
