name	xcoord	ycoord	start	end	service
0	0	0	0	2000	0
1	-66	-94	1110	1187	13
2	36	61	595	782	8
3	9	96	667	848	18
4	81	81	161	349	23
5	-64	71	1211	1328	11
6	20	10	1604	1802	2
7	16	-92	16	240	0
8	-49	-49	770	874	8
9	58	52	1858	1911	1
10	-16	18	569	630	1
11	-100	-4	230	420	14
12	85	32	1727	1758	4
13	-69	33	1541	1619	18
14	-14	63	124	212	23
15	-90	28	7	95	23
16	85	69	66	267	1
17	24	-30	93	306	21
18	82	52	654	714	14
19	78	-40	1441	1628	19
20	48	3	535	560	1
21	-16	-91	157	182	10
22	-44	-43	1088	1249	19
23	-80	-72	389	435	6
24	-84	-39	187	296	0
25	-98	38	661	695	8
26	41	72	280	422	0
27	85	13	406	500	20
28	79	-73	1363	1408	1
29	-76	-65	804	886	8
30	90	74	998	1023	0
31	-58	-76	1948	2120	21
32	68	79	288	394	11
33	37	-3	1080	1125	9
34	-58	19	572	738	16
35	89	-25	1679	1749	8
36	24	9	905	989	4
37	82	-53	1975	2151	17
38	-85	4	144	353	23
39	-12	0	1202	1352	3
40	22	-18	1395	1438	24
