name	xcoord	ycoord	start	end	service
0	0	0	0	2000	0
1	72	-11	1562	1845	18
2	59	-27	505	615	16
3	-75	-2	52	173	7
4	-49	-1	495	544	18
5	9	-10	1707	1781	7
6	43	7	114	439	12
7	23	-14	459	596	15
8	-27	-80	1220	1622	23
9	-15	-61	1663	2094	8
10	70	-3	13	135	3
11	-21	-48	1470	1746	17
12	-69	9	1376	1537	22
13	56	36	329	661	5
14	-39	55	1000	1207	19
15	77	-3	421	891	20
16	-89	-48	594	755	4
17	47	91	1894	1929	12
18	49	-47	422	791	9
19	-73	47	249	528	23
20	41	-22	827	1175	21
21	25	10	1029	1376	21
22	-14	-61	842	1304	16
23	-45	8	1003	1388	15
24	-98	-73	1998	2381	2
25	-100	19	1064	1169	24
26	-43	41	1267	1731	20
27	-45	-25	1449	1631	23
28	37	-54	1722	2103	9
29	79	-74	517	833	0
30	54	26	1915	2010	20
31	20	9	973	1125	15
32	-45	46	980	1399	20
33	88	82	1193	1419	18
34	76	-81	648	919	23
35	61	30	721	868	22
36	43	68	1839	2271	9
37	-50	-91	300	611	23
38	-50	44	136	488	11
39	16	21	1950	2017	22
40	-81	76	1043	1090	2
