name	xcoord	ycoord	start	end	service
0	0	0	0	2000	0
1	-30	67	1243	1580	6
2	14	43	1073	1142	1
3	97	64	1584	1684	9
4	7	42	1528	1959	6
5	-20	74	219	418	6
6	-19	-57	1989	2275	12
7	94	96	731	1191	14
8	17	3	1622	1900	18
9	87	-74	1874	2215	4
10	41	-31	806	1291	23
11	-12	44	686	771	1
12	-37	-73	1085	1237	12
13	-39	1	1467	1632	7
14	59	48	1923	2359	12
15	56	2	690	839	17
16	59	-70	951	1378	21
17	11	51	110	388	16
18	-73	72	1116	1564	17
19	-100	24	523	819	22
20	50	59	1587	1617	12
21	3	96	692	1002	12
22	-79	-62	92	432	9
23	22	53	1974	2128	0
24	16	17	4	349	15
25	7	-18	854	1259	21
26	51	44	1068	1410	21
27	-53	11	522	922	11
28	71	-40	1668	1817	17
29	-73	19	78	452	16
30	-43	71	1255	1420	2
31	-59	-77	1020	1057	2
32	-83	-62	866	922	12
33	-58	-84	1448	1689	20
34	-11	75	585	696	12
35	10	57	111	447	1
36	-10	-85	1850	2059	19
37	-65	29	1441	1672	19
38	11	-61	813	914	18
39	99	56	564	725	16
40	-52	-3	9	189	22
