name	xcoord	ycoord	start	end	service
0	0	0	0	2000	0
1	99	37	1469	1622	3
2	22	53	1379	1430	5
3	-21	-8	1927	2043	9
4	28	-87	676	826	14
5	-5	0	1313	1460	13
6	-83	-76	348	434	13
7	44	10	1384	1553	23
8	-76	66	771	828	5
9	-1	-49	747	779	9
10	15	66	458	495	22
11	-30	-58	396	521	17
12	3	53	1292	1469	20
13	-19	-69	569	697	10
14	-26	16	269	405	0
15	-3	-23	339	553	8
16	-29	-45	1931	2103	4
17	21	82	1009	1148	16
18	-32	32	1151	1258	20
19	-52	33	1457	1663	9
20	34	-33	1085	1125	9
21	-15	-32	1335	1455	11
22	90	-2	1903	2060	8
23	-12	-97	426	593	20
24	79	98	851	1073	21
25	49	-61	295	470	22
26	-5	-56	557	583	6
27	21	-9	1254	1311	12
28	44	-28	468	562	17
29	-63	51	152	182	18
30	-97	-60	1315	1454	15
31	54	81	1014	1172	10
32	63	-56	1306	1385	16
33	91	-90	951	1150	12
34	11	-35	1353	1384	7
35	31	65	984	1190	10
