name	xcoord	ycoord	start	end	service
0	0	0	0	2000	0
1	-60	11	1799	1839	1
2	-84	19	1979	2106	12
3	-7	22	597	729	15
4	82	-64	508	684	18
5	-100	-21	1625	1848	10
6	6	31	1997	2152	16
7	43	-73	1047	1148	12
8	99	34	691	850	19
9	-71	58	1784	1972	4
10	25	98	974	1013	8
11	-70	-67	1815	1938	19
12	69	-76	907	1067	11
13	98	16	725	798	18
14	65	-13	867	991	20
15	-28	-43	1209	1321	14
16	68	11	1335	1428	21
17	65	16	1308	1432	6
18	-46	36	1897	2042	9
19	28	75	1761	1898	0
20	65	-30	618	734	8
21	-21	8	1227	1346	10
22	8	-89	1800	1904	0
23	72	-63	998	1103	5
24	-65	-42	677	834	19
25	-80	7	416	503	2
