name	xcoord	ycoord	start	end	service
0	0	0	0	2000	0
1	-17	91	536	804	12
2	-39	-3	1412	1653	8
3	14	-91	1739	2002	10
4	96	-20	523	664	15
5	71	2	1888	1971	5
6	-60	-18	422	764	17
7	68	-33	1792	1970	9
8	8	-1	1190	1216	14
9	-65	-60	202	234	21
10	-51	-99	670	1166	18
11	68	46	1556	1884	12
12	38	14	1179	1473	7
13	72	72	1140	1447	2
14	-29	-33	433	493	18
15	39	-18	367	525	7
16	43	47	1349	1671	6
17	-70	42	610	706	2
18	-22	28	412	492	19
19	-11	94	530	847	4
20	-83	14	1435	1774	7
21	99	-76	499	574	16
22	32	77	770	920	6
23	-35	67	1611	1887	16
24	-75	30	716	1042	24
25	64	-30	1846	1930	21
26	-61	37	1529	1934	2
27	-78	36	189	271	8
28	54	-3	1736	2045	12
29	26	-73	52	532	14
30	59	-51	1248	1532	9
31	-79	-70	46	296	1
32	-68	4	360	766	2
33	12	23	824	1046	19
34	72	-28	1597	1749	6
35	-88	-65	10	122	2
36	-58	52	1996	2305	4
37	-51	-68	1434	1810	17
38	-80	-8	382	680	11
39	-50	48	766	1212	19
40	-36	48	639	898	23
