name	xcoord	ycoord	start	end	service
0	0	0	0	2000	0
1	61	-29	328	463	14
2	57	90	1377	1481	5
3	97	22	918	1008	3
4	-75	83	1260	1377	12
5	-10	0	1089	1185	23
6	-41	39	1518	1710	19
7	-81	-21	180	385	2
8	72	18	1645	1821	18
9	-85	25	929	1149	22
10	16	34	1492	1650	12
11	48	-37	1601	1818	7
12	11	49	400	612	15
13	-42	-23	1100	1239	11
14	46	94	1915	2059	12
15	-28	44	458	680	10
16	51	76	1239	1339	0
17	-77	-72	775	994	17
18	80	-51	460	645	7
19	-100	9	1975	2147	24
20	-15	78	1264	1487	1
21	35	79	452	614	12
22	-67	84	485	515	3
23	-57	-32	1635	1756	16
24	53	-67	743	789	20
25	-64	-77	1646	1786	7
26	41	-5	35	89	9
27	-95	7	1877	1967	0
28	-59	10	391	595	10
29	13	-33	1582	1705	11
30	-17	83	363	521	18
31	68	-40	567	776	3
32	34	76	150	241	21
33	9	-51	44	94	21
34	25	-91	497	673	9
35	0	-82	902	1100	24
