name	xcoord	ycoord	start	end	service
0	0	0	0	2000	0
1	-45	-22	1511	1829	10
2	54	80	1775	2225	13
3	38	-95	470	531	8
4	-43	31	1882	2142	21
5	-39	85	165	601	10
6	97	94	1199	1678	3
7	-45	-7	1532	1924	1
8	-34	-26	404	585	16
9	-13	2	541	979	11
10	-44	90	113	402	17
11	-76	14	962	1022	4
12	-31	38	389	732	19
13	95	-84	369	407	21
14	30	-36	1253	1382	9
15	64	88	1951	2139	17
16	-86	28	299	786	19
17	-53	-76	8	264	14
18	71	57	984	1481	11
19	-23	-50	485	809	22
20	-59	21	1960	2445	15
21	-71	-56	1870	2277	20
22	25	-10	1821	2127	8
23	-56	-41	1568	2067	1
24	-80	32	880	1239	7
25	-48	-84	157	650	1
26	-83	94	1746	1858	12
27	59	9	265	501	18
28	69	-56	444	831	1
29	-31	-9	916	1204	18
30	-53	-78	199	237	8
31	-78	26	1053	1280	19
32	-46	78	735	906	20
33	73	80	906	1205	17
34	-11	-59	1327	1717	0
35	-51	64	1789	1913	20
