name	xcoord	ycoord	start	end	service
0	0	0	0	2000	0
1	-95	-3	1746	1783	9
2	83	-27	127	188	7
3	-71	88	1012	1147	12
4	-53	-65	55	276	24
5	-56	19	1162	1379	0
6	61	-52	1555	1635	9
7	-12	51	837	995	1
8	-81	70	1911	2051	14
9	-29	-23	1697	1758	13
10	74	-10	188	241	20
11	65	-84	215	395	1
12	-62	19	1963	2163	16
13	-66	49	462	548	22
14	-44	-17	444	525	20
15	-19	27	482	686	24
16	-49	-60	1641	1828	3
17	-74	97	1899	1967	14
18	-19	-11	1643	1698	22
19	36	39	74	154	8
20	-15	-19	1679	1860	12
21	52	-38	1129	1157	9
22	77	-13	626	724	19
23	87	29	1731	1798	5
24	18	35	1385	1538	18
25	-54	62	1915	2027	22
26	-70	-57	1578	1723	0
27	89	9	1559	1766	8
28	60	-81	1555	1676	1
29	92	35	1976	2071	13
30	-72	-79	1273	1373	17
31	-90	-40	1171	1310	2
32	74	-67	1472	1602	10
33	-10	-19	28	220	5
34	86	90	127	274	8
35	60	-30	1456	1589	5
