name	xcoord	ycoord	start	end	service
0	0	0	0	2000	0
1	-11	8	1675	1710	23
2	-84	-64	1466	1637	0
3	-22	-22	1056	1214	3
4	-15	29	1614	1760	11
5	-92	9	968	1016	5
6	64	54	576	704	8
7	-58	-47	1718	1767	20
8	82	93	904	932	8
9	82	4	713	842	11
10	-77	89	618	840	23
11	30	33	1131	1160	6
12	-12	-29	1465	1557	6
13	-59	71	1347	1441	17
14	-70	-56	506	659	0
15	1	96	1467	1504	8
16	59	20	886	955	19
17	-71	13	626	817	7
18	35	-57	573	672	23
19	-68	59	969	1163	11
20	98	14	214	410	12
21	-65	98	891	1033	1
22	24	76	557	656	19
23	-43	-12	1389	1599	5
24	94	-89	1064	1271	0
25	-29	-22	1038	1177	6
