name	xcoord	ycoord	start	end	service
0	0	0	0	2000	0
1	-3	-32	20	205	9
2	89	-99	822	871	5
3	65	11	1766	1904	10
4	38	-27	1611	1730	4
5	-36	-69	146	357	8
6	81	-71	1125	1286	24
7	-74	1	1143	1300	13
8	34	21	622	814	19
9	-39	60	1503	1637	12
10	64	63	1610	1707	14
11	46	-91	1725	1871	9
12	-19	31	1113	1267	5
13	-3	-82	759	882	18
14	-65	-94	689	812	20
15	-17	-47	1302	1364	8
16	63	-41	622	689	0
17	43	5	467	656	10
18	-6	-69	1161	1250	17
19	-77	-31	440	572	13
20	24	-6	903	1033	1
21	35	-93	856	918	0
22	-67	22	1434	1624	18
23	76	68	62	122	16
24	42	-34	655	872	24
25	-34	-40	1224	1408	2
