name	xcoord	ycoord	start	end	service
0	0	0	0	2000	0
1	64	39	597	732	6
2	58	-13	451	530	4
3	24	20	967	1002	12
4	-43	-6	1415	1589	13
5	-99	-4	1928	2018	13
6	-25	17	1791	2255	17
7	-4	67	632	681	18
8	26	-81	1926	2386	24
9	-77	33	1137	1328	22
10	-48	-3	747	875	17
11	91	-60	65	444	24
12	-59	16	156	437	22
13	8	85	1511	1760	23
14	12	-100	175	564	13
15	-26	-95	25	177	24
16	-94	16	621	738	10
17	-92	-29	1527	1812	14
18	61	-95	258	690	16
19	-52	99	520	810	16
20	67	-97	252	717	15
21	-15	-66	1991	2475	5
22	-7	42	327	752	23
23	42	57	1849	2070	7
24	-36	91	226	267	23
25	2	97	1385	1648	8
26	-34	-34	1590	2083	11
27	66	-54	85	287	20
28	-2	99	396	553	5
29	78	58	685	874	10
30	81	-43	955	1164	20
31	-58	20	336	564	5
32	84	17	741	899	21
33	-90	53	96	159	20
34	46	-37	1273	1339	10
35	59	78	868	1280	1
