name	xcoord	ycoord	start	end	service
0	0	0	0	2000	0
1	-51	-62	1086	1298	21
2	-10	-56	867	980	7
3	68	23	1785	1959	15
4	94	-16	1972	2032	7
5	-23	-39	793	917	15
6	46	-27	1211	1429	1
7	41	-44	1840	1935	5
8	-72	9	1313	1437	14
9	-34	80	1126	1234	2
10	36	45	1294	1412	8
11	77	84	240	272	18
12	22	-9	666	732	11
13	-3	-15	806	963	3
14	-76	-62	1198	1328	1
15	-100	-62	148	235	24
16	74	-56	964	1188	1
17	-85	26	1165	1245	11
18	-8	-92	1562	1636	23
19	6	-54	1347	1454	7
20	19	25	651	792	15
21	31	-5	356	447	10
22	40	91	537	755	22
23	-41	37	576	629	4
24	7	-22	1324	1465	16
25	48	-34	525	726	8
26	22	25	466	564	20
27	80	71	856	989	18
28	-6	-40	1182	1262	5
29	94	51	1793	1895	14
30	32	-20	125	217	18
31	36	-28	1515	1576	15
32	79	-79	404	543	2
33	44	43	14	123	6
34	-30	-66	1792	2004	19
35	30	-22	868	994	18
36	-31	-92	726	789	17
37	-31	52	644	813	5
38	-76	87	1500	1586	16
39	49	16	660	728	2
40	-98	-71	1020	1070	1
