name	xcoord	ycoord	start	end	service
0	0	0	0	2000	0
1	13	-73	1235	1358	4
2	-25	40	1394	1543	11
3	-8	20	1361	1516	18
4	-29	-27	1077	1241	6
5	-26	-93	425	489	17
6	-72	-19	492	679	1
7	-52	-76	1710	1737	8
8	-82	6	766	930	18
9	12	-33	1323	1479	22
10	-7	-58	18	195	24
11	82	59	106	183	9
12	-31	1	425	517	2
13	-75	87	64	255	7
14	98	-91	1259	1435	4
15	31	94	788	944	19
16	72	-32	95	240	8
17	53	3	175	279	14
18	-65	39	782	923	4
19	82	92	954	1137	8
20	77	-20	1767	1938	24
21	70	94	1947	2049	8
22	-45	21	1026	1189	11
23	36	-79	1688	1843	8
24	32	59	1244	1406	10
25	67	-84	1662	1703	16
26	-88	-13	601	783	4
27	-95	-92	79	252	0
28	-55	-13	633	841	7
29	28	11	1916	1970	6
30	92	36	1772	1870	4
31	-38	-97	1521	1613	17
32	71	88	1153	1369	24
33	35	9	331	553	21
34	86	-63	1019	1130	8
35	-52	84	1019	1079	16
36	21	-28	1642	1855	1
37	-1	34	1188	1285	17
38	-71	-8	965	1183	16
39	87	65	338	452	14
40	-54	40	1648	1762	2
