name	xcoord	ycoord	start	end	service
0	0	0	0	2000	0
1	70	-64	307	387	4
2	-66	80	190	217	13
3	-34	0	885	1095	14
4	-11	28	470	661	1
5	-39	27	949	1146	24
6	-80	-26	1822	2024	22
7	-83	41	1611	1656	22
8	70	-78	95	218	4
9	-38	-97	1701	1757	4
10	86	-62	712	888	11
11	29	37	456	572	9
12	49	-14	1227	1409	13
13	-14	-87	1555	1752	0
14	-18	-40	780	840	11
15	-62	-75	1215	1298	19
16	22	37	1733	1791	5
17	-20	20	1729	1937	1
18	-98	-92	290	332	17
19	36	25	795	1018	13
20	-67	35	426	556	22
21	97	73	411	552	12
22	-53	45	1421	1498	15
23	-30	45	992	1210	24
24	90	-75	1437	1545	6
25	-68	83	1504	1609	0
26	25	81	1063	1190	3
27	-94	68	1349	1547	15
28	49	83	205	295	24
29	7	-4	917	1078	1
30	74	-70	31	213	4
31	-9	24	11	95	4
32	-35	-8	1577	1653	21
33	29	-51	1396	1582	7
34	-82	22	645	864	23
35	90	-82	1267	1304	3
