name	xcoord	ycoord	start	end	service
0	0	0	0	2000	0
1	-62	85	1033	1150	13
2	-65	85	1640	1683	11
3	-96	-28	220	340	18
4	-26	-92	971	1152	19
5	-36	-90	936	1006	19
6	-91	0	740	820	3
7	-1	0	1498	1612	23
8	62	60	209	244	14
9	15	-45	1405	1553	10
10	-56	-42	643	711	24
11	-66	19	1813	2024	15
12	-95	52	1791	1995	9
13	13	-83	1971	2045	18
14	-93	66	186	257	18
15	84	24	1871	1988	19
16	-18	-50	1844	1878	13
17	41	85	108	214	21
18	-11	-56	1139	1304	21
19	22	0	1731	1824	2
20	10	41	1270	1456	20
21	41	49	294	319	17
22	-67	-98	1370	1429	5
23	-86	-63	1364	1482	15
24	-91	-30	1989	2108	19
25	80	-56	1105	1265	3
26	99	17	1671	1871	17
27	-44	-47	482	623	10
28	-11	43	1231	1293	1
29	67	98	1770	1811	9
30	-79	-53	286	334	15
31	8	-46	1460	1544	6
32	58	-100	1041	1214	5
33	-63	-18	5	176	12
34	-46	-5	1584	1612	7
35	13	87	714	775	16
