name	xcoord	ycoord	start	end	service
0	0	0	0	2000	0
1	-76	45	1873	1930	3
2	4	42	1085	1211	16
3	-50	70	34	523	14
4	3	63	712	1056	12
5	32	4	1179	1440	1
6	20	43	765	945	6
7	9	-83	990	1123	0
8	-23	63	1554	1609	9
9	-67	23	177	573	20
10	68	-86	15	461	24
11	55	75	284	423	15
12	80	46	1113	1185	23
13	-81	62	1043	1476	8
14	-83	66	814	1045	17
15	21	46	11	449	2
16	-44	49	1809	2291	2
17	-37	99	433	729	11
18	-100	-62	1302	1369	14
19	-48	-96	93	581	22
20	-64	70	1721	1986	18
21	-87	-100	123	579	12
22	-35	41	1334	1478	9
23	-97	-36	1283	1756	12
24	10	-51	395	740	14
25	86	-51	1982	2305	18
26	64	-99	1075	1326	22
27	40	-5	1009	1295	6
28	-15	16	209	652	14
29	-83	92	546	579	23
30	-77	95	1938	2113	0
31	76	-47	1111	1301	1
32	-38	76	1746	2209	13
33	-54	-87	915	1256	0
34	34	-69	755	1149	21
35	85	-95	1847	2199	14
