name	xcoord	ycoord	start	end	service
0	0	0	0	2000	0
1	28	-92	554	827	3
2	-68	65	420	907	23
3	85	15	1078	1124	20
4	94	76	1040	1264	21
5	-32	74	1343	1503	20
6	95	16	968	1306	7
7	13	-58	1049	1348	18
8	72	51	1979	2094	15
9	-48	-92	887	1331	19
10	11	47	1748	1861	8
11	-48	-62	1583	1685	11
12	-33	-57	1850	2215	2
13	53	32	555	785	15
14	-9	31	847	1091	0
15	81	54	499	585	13
16	11	65	1583	1819	17
17	-76	63	1192	1398	10
18	-38	53	1690	1720	21
19	46	-100	1531	1564	1
20	-27	4	1281	1563	10
21	95	13	969	1338	23
22	69	47	1513	1875	17
23	-86	9	90	453	6
24	-50	4	1504	1573	23
25	-50	-68	416	579	14
26	80	10	915	1089	2
27	2	64	646	885	13
28	69	16	1108	1375	22
29	-62	25	1187	1589	24
30	-78	1	490	619	20
31	-37	96	211	591	9
32	94	9	1227	1497	8
33	18	-96	1732	1969	0
34	89	14	698	1068	14
35	26	36	1470	1874	12
