name	xcoord	ycoord	start	end	service
0	0	0	0	2000	0
1	-37	-87	1102	1309	19
2	-6	74	132	631	9
3	29	-82	103	187	17
4	77	-24	1496	1826	13
5	84	48	229	540	14
6	66	39	1449	1898	18
7	0	2	314	690	23
8	36	-60	1877	1945	13
9	73	11	1117	1298	13
10	-85	84	1736	1914	17
11	-31	-54	88	149	18
12	22	96	1889	1927	21
13	99	45	1254	1587	4
14	18	-88	1406	1839	19
15	46	27	1106	1462	19
16	89	-60	1477	1873	8
17	-66	49	1563	1878	16
18	25	-58	167	595	12
19	-20	48	1382	1502	6
20	89	72	1464	1851	1
21	28	-62	979	1268	16
22	89	-88	354	514	23
23	1	-30	236	496	17
24	-61	2	361	582	23
25	-52	-81	1389	1690	21
26	36	29	683	761	2
27	76	45	1763	2079	11
28	-88	-69	850	907	12
29	-29	-19	1661	2063	13
30	85	23	1785	1819	23
31	-83	-58	1616	1753	7
32	-60	-62	1219	1405	3
33	-95	-77	480	703	10
34	-29	-15	1369	1741	1
35	68	-26	347	763	12
