name	xcoord	ycoord	start	end	service
0	0	0	0	2000	0
1	-65	85	201	280	14
2	-15	-70	1392	1432	6
3	8	41	400	620	9
4	-16	-40	1093	1311	8
5	-99	-95	1339	1494	13
6	60	20	1178	1246	2
7	13	-29	1005	1118	11
8	-23	-7	1371	1405	1
9	31	-18	122	195	3
10	39	-73	489	556	10
11	-9	-67	1879	1967	10
12	96	42	970	1070	10
13	88	-76	1218	1271	15
14	36	93	218	402	0
15	-32	21	1764	1862	20
16	44	-2	1414	1538	14
17	-76	10	1885	1943	0
18	63	-12	318	463	7
19	-10	98	1719	1758	7
20	22	9	1694	1728	0
21	58	0	1410	1555	14
22	-8	-69	403	488	20
23	46	51	1524	1681	14
24	-24	62	1780	1806	6
25	-81	-21	981	1147	4
26	-37	23	1030	1189	12
27	53	64	1430	1525	1
28	-88	-63	50	174	9
29	9	1	737	842	8
30	26	-88	571	721	13
31	-38	43	1535	1580	1
32	-83	-10	1115	1232	2
33	-52	-98	843	975	7
34	76	-41	484	608	0
35	-56	-17	5	45	16
36	82	31	270	467	21
37	-62	31	1506	1539	21
38	41	-42	795	925	20
39	12	45	1132	1208	19
40	-79	78	919	1139	11
