name	xcoord	ycoord	start	end	service
0	0	0	0	2000	0
1	-61	-39	902	949	7
2	-81	47	452	555	11
3	-42	46	1264	1395	19
4	-45	0	657	786	4
5	-66	-23	1994	2203	9
6	71	47	349	560	12
7	22	-57	1794	1894	23
8	93	-37	1883	2107	20
9	58	5	1683	1829	7
10	-29	52	1333	1479	18
11	95	86	1004	1179	6
12	-86	15	100	131	19
13	-32	-83	199	371	8
14	80	36	144	282	17
15	-24	90	1364	1425	8
16	-79	37	1248	1337	13
17	-69	-14	1826	1928	6
18	-11	-42	803	873	3
19	42	52	146	357	18
20	19	-32	197	388	15
21	61	51	79	191	10
22	39	-29	676	769	3
23	50	29	199	252	23
24	60	12	846	910	24
25	35	-54	172	247	12
