name	xcoord	ycoord	start	end	service
0	0	0	0	2000	0
1	-68	21	393	533	21
2	-27	99	1769	2107	20
3	92	-43	1115	1188	3
4	98	73	1164	1476	18
5	-44	89	1433	1685	4
6	60	21	1327	1734	17
7	81	-9	334	655	7
8	-23	34	1963	2258	6
9	-8	-100	339	718	3
10	61	-13	1768	2024	3
11	98	32	1933	2407	20
12	-9	-87	1111	1256	18
13	-17	59	1417	1896	10
14	-84	-53	285	672	10
15	-23	-6	1372	1760	2
16	47	-18	823	1183	11
17	60	-43	428	714	5
18	-16	44	1440	1868	6
19	-55	-23	1407	1796	11
20	43	26	1302	1501	9
21	60	-74	187	279	24
22	28	-94	540	1000	12
23	-3	-5	1158	1324	20
24	-39	-62	395	517	0
25	66	-26	899	1285	10
26	26	5	1082	1256	22
27	-10	29	826	941	10
28	27	4	501	989	11
29	54	-49	418	890	18
30	76	-67	1763	2246	1
31	-50	65	1449	1726	0
32	-51	-89	1806	2263	18
33	-83	62	1177	1586	24
34	-98	-81	1964	2133	1
35	-55	-60	508	573	4
