dominance check debugging 12/8

   xcoord  ycoord  start time  end time  service time
0       0       0           0      2000             0
1      71      16        1701      1846            20
2     -72       4         846      1099            20
3     -56      19        1987      2018             4
4      34     -98        1791      1881            17
5     -54     -32         757       899            18
6      50     -53        1241      1331            19
7     -97      62          19       688             6
8      57     -58        1804      1844            15
9     -44      57        1625      1863            11
full path memo = {((0, 1, 2, 3, 4, 5, 6, 7, 8, 9), (3, 4), (1848.04, 1865.14)): ((258.96, 841.0199999999999), (3, 8), (1848.04, 1789.06), (0, 1)), ((0, 1, 2, 3, 4, 5, 6, 7, 8, 9), (3, 8), (2005.46, 1789.06)): ((399.38, 772.4699999999998), (3, 9), (2005.46, 1404.69), (0, 1)), ((0, 1, 2, 3, 4, 5, 6, 7, 8, 9), (3, 4), (1955.74, 1840.85)): ((887.0299999999999, 296.36), (4, 8), (1840.85, 1789.06), (1, 0)), ((0, 1, 2, 3, 4, 5, 6, 7, 8, 9), (3, 4), (1955.74, 1809.52)): ((343.97, 815.3399999999999), (3, 9), (1955.74, 1404.69), (0, 1)), ((0, 1, 2, 3, 4, 5, 6, 7, 8, 9), (3, 4), (1675.85, 1865.14)): ((637.0799999999999, 297.96000000000004), (4, 9), (1865.14, 1404.69), (1, 0)), ((0, 1, 2, 3, 4, 5, 6, 7, 8, 9), (3, 8), (1974.13, 1796.31)): ((918.3599999999999, 229.41), (4, 8), (1809.52, 1796.31), (1, 0)), ((0, 1, 2, 3, 4, 5, 6, 7, 8, 9), (3, 4), (1893.9399999999998, 1865.14)): ((293.86, 551.87), (4, 9), (1865.14, 1843.09), (0, 1)), ((0, 1, 2, 3, 4, 5, 6, 7, 8, 9), (3, 4), (1905.1299999999999, 1865.14)): ((616.3199999999999, 365.24), (1, 4), (1758.09, 1865.14), (1, 0))}
time check:
   opt path[i]  start[i]  arrival  departure[i]  end[i]
0            0         0     0.00          0.00    2000
1            1      1701    72.78       1701.00    1846
2            9      1625  1843.09       1854.09    1863
3            3      1987  1893.94       1987.00    2018
4            0         0  2050.14       2050.14    2000
   opt path[i]  start[i]  arrival  departure[i]  end[i]
0            0         0     0.00          0.00    2000
1            7        19   115.12        121.12     688
2            5       757   224.49        757.00     899
3            2       846   815.25        846.00    1099
4            6      1241  1000.66       1241.00    1331
5            8      1804  1268.60       1804.00    1844
6            4      1791  1865.14       1882.14    1881
7            0         0  1985.87       1985.87    2000
the memo length is 1260
Found optimal path in 11.46 seconds.
Optimal cost: (293.86, 551.87), optimal path: [[0, 1, 9, 3, 0], [0, 7, 5, 2, 6, 8, 4, 0]]
duplicate label check rejected 5989 labels.
time window check rejected 3548 labels.
jump ahead check rejected 0 labels.
test 2 rejected 2466 labels.
test 1 rejected 0 labels.
dominance check rejected 0 labels.
13262 were considered
   xcoord  ycoord  start time  end time  service time
0       0       0           0      2000             0
1      71      16        1701      1846            20
2     -72       4         846      1099            20
3     -56      19        1987      2018             4
4      34     -98        1791      1881            17
5     -54     -32         757       899            18
6      50     -53        1241      1331            19
7     -97      62          19       688             6
8      57     -58        1804      1844            15
9     -44      57        1625      1863            11
full path memo = {((0, 1, 2, 3, 4, 5, 6, 7, 8, 9), (3, 8), (2005.46, 1789.06)): ((678.99, 585.8399999999999), (4, 8), (1840.85, 1789.06), (0, 1)), ((0, 1, 2, 3, 4, 5, 6, 7, 8, 9), (3, 4), (1955.74, 1840.85)): ((700.4, 575.97), (4, 8), (1840.85, 1789.06), (1, 0)), ((0, 1, 2, 3, 4, 5, 6, 7, 8, 9), (3, 4), (1675.85, 1865.14)): ((450.45, 577.5699999999999), (4, 9), (1865.14, 1404.69), (1, 0)), ((0, 1, 2, 3, 4, 5, 6, 7, 8, 9), (3, 8), (1974.13, 1796.31)): ((731.73, 509.02), (4, 8), (1809.52, 1796.31), (1, 0)), ((0, 1, 2, 3, 4, 5, 6, 7, 8, 9), (3, 4), (1955.74, 1809.52)): ((623.58, 628.71), (4, 8), (1809.52, 1796.31), (0, 1)), ((0, 1, 2, 3, 4, 5, 6, 7, 8, 9), (3, 4), (1893.9399999999998, 1865.14)): ((573.47, 365.24), (4, 9), (1865.14, 1843.09), (0, 1)), ((0, 1, 2, 3, 4, 5, 6, 7, 8, 9), (3, 4), (1848.04, 1865.14)): ((538.57, 654.39), (1, 4), (908.9, 1865.14), (0, 1)), ((0, 1, 2, 3, 4, 5, 6, 7, 8, 9), (3, 4), (1905.1299999999999, 1865.14)): ((659.7299999999999, 482.36), (1, 4), (1758.09, 1865.14), (1, 0))}
time check:
   opt path[i]  start[i]  arrival  departure[i]  end[i]
0            0         0     0.00          0.00    2000
1            7        19   115.12        121.12     688
2            5       757   224.49        757.00     899
3            1      1701   908.90       1701.00    1846
4            9      1625  1843.09       1854.09    1863
5            3      1987  1893.94       1987.00    2018
6            0         0  2050.14       2050.14    2000
   opt path[i]  start[i]  arrival  departure[i]  end[i]
0            0         0     0.00          0.00    2000
1            2       846    72.11        846.00    1099
2            6      1241  1000.66       1241.00    1331
3            8      1804  1268.60       1804.00    1844
4            4      1791  1865.14       1882.14    1881
5            0         0  1985.87       1985.87    2000
the memo length is 281
Found optimal path in 1.728 seconds.
Optimal cost: (573.47, 365.24), optimal path: [[0, 7, 5, 1, 9, 3, 0], [0, 2, 6, 8, 4, 0]]
duplicate label check rejected 2474 labels.
time window check rejected 338 labels.
jump ahead check rejected 408 labels.
test 2 rejected 28 labels.
test 1 rejected 0 labels.
dominance check rejected 0 labels.
3528 were considered
   xcoord  ycoord  start time  end time  service time
0       0       0           0      2000             0
1      71      16        1701      1846            20
2     -72       4         846      1099            20
3     -56      19        1987      2018             4
4      34     -98        1791      1881            17
5     -54     -32         757       899            18
6      50     -53        1241      1331            19
7     -97      62          19       688             6
8      57     -58        1804      1844            15
9     -44      57        1625      1863            11
full path memo = {((0, 1, 2, 3, 4, 5, 6, 7, 8, 9), (3, 4), (1848.04, 1865.14)): ((538.57, 654.39), (3, 8), (1848.04, 1789.06), (1, 0)), ((0, 1, 2, 3, 4, 5, 6, 7, 8, 9), (3, 8), (2005.46, 1789.06)): ((678.99, 585.8399999999999), (3, 9), (2005.46, 1404.69), (1, 0)), ((0, 1, 2, 3, 4, 5, 6, 7, 8, 9), (3, 4), (1955.74, 1840.85)): ((700.4, 575.97), (4, 8), (1840.85, 1789.06), (0, 1)), ((0, 1, 2, 3, 4, 5, 6, 7, 8, 9), (3, 4), (1955.74, 1809.52)): ((623.58, 628.71), (3, 9), (1955.74, 1404.69), (1, 0)), ((0, 1, 2, 3, 4, 5, 6, 7, 8, 9), (3, 4), (1675.85, 1865.14)): ((450.45, 577.5699999999999), (4, 9), (1865.14, 1404.69), (0, 1)), ((0, 1, 2, 3, 4, 5, 6, 7, 8, 9), (3, 8), (1974.13, 1796.31)): ((731.73, 509.02), (4, 8), (1809.52, 1796.31), (0, 1)), ((0, 1, 2, 3, 4, 5, 6, 7, 8, 9), (3, 4), (1893.9399999999998, 1865.14)): ((573.47, 365.24), (4, 9), (1865.14, 1843.09), (1, 0)), ((0, 1, 2, 3, 4, 5, 6, 7, 8, 9), (3, 4), (1905.1299999999999, 1865.14)): ((659.7299999999999, 482.36), (1, 4), (1758.09, 1865.14), (0, 1))}
time check:
   opt path[i]  start[i]  arrival  departure[i]  end[i]
0            0         0     0.00          0.00    2000
1            2       846    72.11        846.00    1099
2            6      1241  1000.66       1241.00    1331
3            8      1804  1268.60       1804.00    1844
4            4      1791  1865.14       1882.14    1881
5            0         0  1985.87       1985.87    2000
   opt path[i]  start[i]  arrival  departure[i]  end[i]
0            0         0     0.00          0.00    2000
1            7        19   115.12        121.12     688
2            5       757   224.49        757.00     899
3            1      1701   908.90       1701.00    1846
4            9      1625  1843.09       1854.09    1863
5            3      1987  1893.94       1987.00    2018
6            0         0  2050.14       2050.14    2000
the memo length is 602
Found optimal path in 4.295 seconds.
Optimal cost: (573.47, 365.24), optimal path: [[0, 2, 6, 8, 4, 0], [0, 7, 5, 1, 9, 3, 0]]
duplicate label check rejected 4635 labels.
time window check rejected 1032 labels.
jump ahead check rejected 310 labels.
test 2 rejected 250 labels.
test 1 rejected 0 labels.
dominance check rejected 0 labels.
6828 were considered
   xcoord  ycoord  start time  end time  service time
0       0       0           0      2000             0
1     -97     -64          24      1935            11
2      20      27         247      1909            23
3       6      11        1320      1516             1
4     -12      83         612      1801            10
5      68      65        1981      2014            14
6     -31     -38         306      1571            22
7      47       5        1712      1823             9
8     -98      38        1429      1876            12
9     -37     -72        1065      1237             3



































































































